flux,flux_err,quality,timecorr,centroid_col,centroid_row,cadenceno,sap_flux,sap_flux_err,sap_bkg,sap_bkg_err,pdcsap_flux,pdcsap_flux_err,sap_quality,psf_centr1,psf_centr1_err,psf_centr2,psf_centr2_err,mom_centr1,mom_centr1_err,mom_centr2,mom_centr2_err,pos_corr1,pos_corr2,kepler_id
60413.855,8.034022,0,0.00027928955,561.9541066437956,273.78511491786065,568,52772.223,7.1463084,1645.9312,0.4974416,60413.855,8.034022,0,,,,,561.9541066437956,0.00015896065,273.78511491786065,0.00018844032,0.001053782,-0.0028138314,11673802
60405.875,8.030313,0,0.00028000405,561.954098815635,273.78528966221205,569,52764.46,7.1457796,1643.3226,0.49731168,60405.875,8.030313,0,,,,,561.954098815635,0.00015897864,273.78528966221205,0.00018846938,0.00072029146,-0.002485498,11673802
60405.297,8.037755,0,0.0002807186,561.9546822953417,273.7854111246388,570,52764.05,7.1458216,1644.795,0.49721372,60405.297,8.037755,0,,,,,561.9546822953417,0.00015898625,273.7854111246388,0.00018846166,0.0010004045,-0.0019963197,11673802
60399.242,8.031592,0,0.0002814332,561.9539382189388,273.78585981977665,571,52755.86,7.145543,1645.0303,0.4973278,60399.242,8.031592,0,,,,,561.9539382189388,0.00015900117,273.78585981977665,0.00018849438,0.00054916047,-0.0018951115,11673802
60440.24,8.060068,0,0.00028214784,561.9547546366031,273.7864528248205,572,52796.508,7.1471686,1646.3097,0.4968482,60440.24,8.060068,0,,,,,561.9547546366031,0.00015889833,273.7864528248205,0.00018836555,0.000887242,-0.0009701695,11673802
60412.746,8.06367,0,0.00028286254,561.954398640307,273.7864233199384,573,52771.45,7.1461725,1645.7965,0.49751654,60412.746,8.06367,0,,,,,561.954398640307,0.00015896307,273.7864233199384,0.00018843984,0.000832929,-0.0010448212,11673802
60403.22,8.079418,0,0.0002835773,561.9544491305082,273.7871388643204,574,52763.008,7.1456814,1644.3217,0.49721393,60403.22,8.079418,0,,,,,561.9544491305082,0.00015896339,273.7871388643204,0.00018845579,0.00077438395,-0.00066562113,11673802
60427.67,8.067492,0,0.0002842921,561.9537682123164,273.7865039534826,575,52785.727,7.146659,1643.5143,0.4970264,60427.67,8.067492,0,,,,,561.9537682123164,0.00015891957,273.7865039534826,0.00018839465,0.00082346133,-0.0006033772,11673802
60404.83,8.085565,0,0.00028500697,561.9543134950118,273.78686240474417,576,52764.348,7.1458845,1643.8926,0.4976086,60404.83,8.085565,0,,,,,561.9543134950118,0.00015897767,273.78686240474417,0.00018845125,0.0007459533,-0.00063036894,11673802
60422.98,8.041735,0,0.00028572188,561.9544584828649,273.78735827180697,577,52780.69,7.1465316,1643.4188,0.497546,60422.98,8.041735,0,,,,,561.9544584828649,0.00015894747,273.78735827180697,0.0001884027,0.0010195968,-0.00042357456,11673802
60423.72,8.095493,0,0.00028643684,561.9542884605374,273.7873462706266,578,52783.156,7.1466393,1644.8337,0.49759257,60423.72,8.095493,0,,,,,561.9542884605374,0.00015895013,273.7873462706266,0.000188395,0.00065061846,-0.00010422933,11673802
60406.91,8.037649,0,0.00028715184,561.954112870058,273.78698804121103,579,52765.473,7.1457763,1645.2354,0.49717546,60406.91,8.037649,0,,,,,561.954112870058,0.00015898256,273.78698804121103,0.00018846075,0.00068496895,-0.00057861884,11673802
60423.395,8.091283,0,0.00028786692,561.9544430368543,273.7872635022259,580,52782.645,7.14655,1644.6522,0.49721408,60423.395,8.091283,0,,,,,561.9544430368543,0.00015891703,273.7872635022259,0.00018838549,0.0008594703,-0.00017744885,11673802
60409.08,8.077534,0,0.00028858203,561.9543166636687,273.78731028394367,581,52769.35,7.1459846,1643.8785,0.49735516,60409.08,8.077534,0,,,,,561.9543166636687,0.00015897515,273.78731028394367,0.00018842089,0.0005367375,-0.0002295145,11673802
60413.766,8.0976095,8192,0.0002892972,561.9542618987563,273.7870665870676,582,52773.105,7.146196,1644.4252,0.49725822,60413.766,8.0976095,8192,,,,,561.9542618987563,0.00015895857,273.7870665870676,0.0001884165,0.00089314167,-0.00032632187,11673802
60410.51,8.122765,0,0.0002900124,561.9543943763756,273.7873103298443,583,52773.293,7.146229,1644.8483,0.49747628,60410.51,8.122765,0,,,,,561.9543943763756,0.00015897666,273.7873103298443,0.00018843394,0.0009091515,-6.431887e-05,11673802
60410.086,8.1321945,0,0.00029072768,561.9540593194129,273.78716188486453,584,52767.453,7.145929,1643.6736,0.49740672,60410.086,8.1321945,0,,,,,561.9540593194129,0.00015896515,273.78716188486453,0.00018843869,0.0005476009,-0.00027328887,11673802
60411.36,8.124752,0,0.000291443,561.9540722138531,273.7877846369406,585,52774.184,7.146214,1641.1573,0.49720058,60411.36,8.124752,0,,,,,561.9540722138531,0.00015896429,273.7877846369406,0.00018842288,0.00077546993,0.00025527496,11673802
60445.28,8.131428,128,0.00029215837,561.9540932697532,273.78726019698667,586,52803.277,7.1478314,1646.0692,0.49768317,60445.28,8.131428,128,,,,,561.9540932697532,0.00015886863,273.78726019698667,0.00018833535,0.0005272339,0.0003470846,11673802
60414.88,8.122243,0,0.00029287377,561.9539343954089,273.78798992366825,587,52774.984,7.1462035,1644.9323,0.49727148,60414.88,8.122243,0,,,,,561.9539343954089,0.0001589526,273.78798992366825,0.00018840547,0.00044467175,0.0005349869,11673802
60399.203,8.097183,0,0.00029358926,561.954434157368,273.7883130859323,588,52761.973,7.145603,1644.6338,0.49705625,60399.203,8.097183,0,,,,,561.954434157368,0.00015899242,273.7883130859323,0.00018844663,0.00054103264,0.00075583864,11673802
60418.953,8.117446,0,0.00029430474,561.9539046102115,273.788663864327,589,52780.77,7.1465096,1643.8392,0.49756408,60418.953,8.117446,0,,,,,561.9539046102115,0.00015896778,273.788663864327,0.00018853223,-2.7670908e-06,0.00084340037,11673802
60411.16,8.110784,0,0.00029502035,561.9535186337342,273.78814524437524,590,52774.363,7.146162,1644.8098,0.49691352,60411.16,8.110784,0,,,,,561.9535186337342,0.00015895558,273.78814524437524,0.00018840657,-0.00030135657,0.00069984765,11673802
60424.23,8.147924,0,0.00029573595,561.9537016320662,273.78846947130853,591,52788.32,7.1466866,1642.8147,0.49673834,60424.23,8.147924,0,,,,,561.9537016320662,0.00015890654,273.78846947130853,0.00018834556,-0.00035292679,0.0014200704,11673802
60390.875,8.113884,0,0.00029645162,561.9536974092704,273.788091967234,592,52757.055,7.145388,1642.1628,0.49744606,60390.875,8.113884,0,,,,,561.9536974092704,0.00015901247,273.788091967234,0.00018848342,-0.00041819928,0.0012232525,11673802
60411.668,8.14739,0,0.00029716734,561.953025313192,273.78955450051063,593,52776.316,7.146123,1640.2839,0.49682906,60411.668,8.14739,0,,,,,561.953025313192,0.00015896556,273.78955450051063,0.00018839509,-0.0007871828,0.0019573602,11673802
60392.19,8.131347,8192,0.00029788312,561.9537500534706,273.78915605877904,594,52759.887,7.1454535,1642.8948,0.49705127,60392.19,8.131347,8192,,,,,561.9537500534706,0.00015902072,273.78915605877904,0.00018845167,-0.0003741602,0.001636344,11673802
60403.312,8.119318,0,0.00029859893,561.9534466850841,273.78923262393977,595,52769.156,7.145691,1640.429,0.49674374,60403.312,8.119318,0,,,,,561.9534466850841,0.00015896975,273.78923262393977,0.00018840734,-0.0003944815,0.0017746277,11673802
60424.58,8.139837,0,0.0002993148,561.9532554961283,273.78940417436064,596,52790.316,7.146708,1639.6615,0.49761003,60424.58,8.139837,0,,,,,561.9532554961283,0.00015891474,273.78940417436064,0.0001883572,-0.0005816004,0.0020065228,11673802
60419.5,8.151572,0,0.00030003072,561.9532108806295,273.7894623844758,597,52785.08,7.1466436,1642.663,0.4971629,60419.5,8.151572,0,,,,,561.9532108806295,0.00015894088,273.7894623844758,0.00018837693,-0.0007390717,0.0021913385,11673802
60425.848,8.122499,0,0.00030074667,561.9532738793213,273.78860180482343,598,52788.973,7.1466684,1641.0646,0.49715343,60425.848,8.122499,0,,,,,561.9532738793213,0.00015889993,273.78860180482343,0.00018833816,-0.00047454305,0.0017136432,11673802
60429.9,8.142615,8192,0.00030146271,561.9531033395504,273.789192986863,599,52795.523,7.1469827,1639.159,0.49707788,60429.9,8.142615,8192,,,,,561.9531033395504,0.00015888896,273.789192986863,0.00018831347,-0.00056948507,0.002184417,11673802
60419.46,8.140483,0,0.00030217876,561.9529833035278,273.78883775904535,600,52784.055,7.146439,1639.9336,0.49779555,60419.46,8.140483,0,,,,,561.9529833035278,0.00015893194,273.78883775904535,0.00018837297,-0.00055073696,0.0015819196,11673802
60393.688,8.128524,0,0.00030289488,561.9539170711049,273.7885103696322,601,52765.055,7.145562,1638.9299,0.49738574,60393.688,8.128524,0,,,,,561.9539170711049,0.00015895956,273.7885103696322,0.00018840269,-3.7914255e-05,0.0016041461,11673802
60390.195,8.142548,0,0.00030361104,561.9539628764996,273.7888345284772,602,52760.62,7.1453776,1640.0125,0.49742275,60390.195,8.142548,0,,,,,561.9539628764996,0.00015899124,273.7888345284772,0.00018842024,0.00013716359,0.0013978978,11673802
60395.33,8.122683,0,0.00030432726,561.954072538135,273.7887383621564,603,52764.453,7.145437,1640.0563,0.49759436,60395.33,8.122683,0,,,,,561.954072538135,0.00015898456,273.7887383621564,0.0001884212,0.00034081656,0.0012880863,11673802
60419.57,8.134304,0,0.00030504353,561.9540054592352,273.78874468075674,604,52785.457,7.1463943,1640.886,0.49672073,60419.57,8.134304,0,,,,,561.9540054592352,0.00015892359,273.78874468075674,0.00018836754,0.00026364496,0.0011962418,11673802
60397.07,8.143994,0,0.00030575984,561.9537147026185,273.78849318757904,605,52765.78,7.1456075,1639.5508,0.4976998,60397.07,8.143994,0,,,,,561.9537147026185,0.00015897841,273.78849318757904,0.00018843201,4.348864e-05,0.0012944591,11673802
60394.977,8.141859,0,0.0003064762,561.9540900430579,273.7883404949702,606,52762.87,7.145461,1636.9857,0.49748707,60394.977,8.141859,0,,,,,561.9540900430579,0.00015898154,273.7883404949702,0.00018843569,0.00022402995,0.00094678235,11673802
60394.895,8.156619,0,0.00030719262,561.9542728802312,273.78946036219014,607,52766.133,7.145506,1638.655,0.49656284,60394.895,8.156619,0,,,,,561.9542728802312,0.00015897313,273.78946036219014,0.00018841265,0.0003013515,0.0017212512,11673802
60418.72,8.134718,0,0.00030790907,561.9538870245119,273.78858560766895,608,52786.56,7.1464677,1638.3391,0.49724606,60418.72,8.134718,0,,,,,561.9538870245119,0.00015892021,273.78858560766895,0.000188357,0.00026568014,0.0011092027,11673802
60392.543,8.148428,0,0.00030862557,561.953893207672,273.7890217988222,609,52767.645,7.1457343,1638.7771,0.49739528,60392.543,8.148428,0,,,,,561.953893207672,0.00015897576,273.7890217988222,0.00018841132,0.00011926159,0.0015703812,11673802
60419.633,8.14801,0,0.00030934214,561.9538560915454,273.78895712035745,610,52790.586,7.1465664,1636.8265,0.49771255,60419.633,8.14801,0,,,,,561.9538560915454,0.00015890501,273.78895712035745,0.00018834199,0.00012397087,0.0014597371,11673802
60415.695,8.149581,0,0.00031005876,561.9539762481245,273.78903285950963,611,52786.504,7.1464677,1638.1775,0.49794763,60415.695,8.149581,0,,,,,561.9539762481245,0.00015891013,273.78903285950963,0.00018835308,0.00043261496,0.0013064932,11673802
60401.562,8.152163,0,0.00031077542,561.9540442223547,273.7890207586064,612,52776.086,7.1460886,1639.0256,0.49728662,60401.562,8.152163,0,,,,,561.9540442223547,0.00015895788,273.7890207586064,0.00018847956,0.00025092618,0.0017274611,11673802
60416.36,8.135117,0,0.00031149213,561.9546359028122,273.789123048204,613,52789.445,7.146671,1637.73,0.49724492,60416.36,8.135117,0,,,,,561.9546359028122,0.00015890576,273.789123048204,0.00018833224,0.0005008297,0.0016566042,11673802
60411.188,8.144616,0,0.00031220884,561.9541169811991,273.78872087288966,614,52783.562,7.1462507,1638.02,0.4972728,60411.188,8.144616,0,,,,,561.9541169811991,0.0001589452,273.78872087288966,0.0001883725,0.00043444487,0.0014116147,11673802
60409.2,8.127664,0,0.00031292567,561.9542806442258,273.7893458365495,615,52785.16,7.1463413,1637.9336,0.49756417,60409.2,8.127664,0,,,,,561.9542806442258,0.00015892614,273.7893458365495,0.00018834606,0.00057479215,0.0019360806,11673802
60408.613,8.156585,0,0.0003136425,561.9545621201163,273.78880860542637,616,52781.69,7.146246,1636.5416,0.49830198,60408.613,8.156585,0,,,,,561.9545621201163,0.00015892992,273.78880860542637,0.00018836053,0.0006220912,0.0013425401,11673802
60405.812,8.154616,0,0.0003143594,561.9542100416011,273.7889904707147,617,52781.14,7.1462026,1638.7203,0.49726936,60405.812,8.154616,0,,,,,561.9542100416011,0.00015895307,273.7889904707147,0.00018835104,0.0004426449,0.0017000901,11673802
60400.527,8.147257,0,0.00031507635,561.9542127217339,273.7894528107331,618,52777.098,7.1459703,1637.566,0.49698886,60400.527,8.147257,0,,,,,561.9542127217339,0.00015894865,273.7894528107331,0.00018839208,0.0004830374,0.0017430348,11673802
60428.395,8.153445,0,0.00031579332,561.9541985191809,273.7887709836782,619,52798.89,7.147574,1649.5881,0.49736378,60428.395,8.153445,0,,,,,561.9541985191809,0.00015893953,273.7887709836782,0.00018836845,0.00051761424,0.0013556959,11673802
60417.57,8.146477,0,0.00031651038,561.9544842798357,273.7890725757267,620,52792.582,7.146757,1639.2847,0.49740422,60417.57,8.146477,0,,,,,561.9544842798357,0.00015890332,273.7890725757267,0.0001883199,0.0004912097,0.0019512837,11673802
60422.645,8.148013,0,0.00031722744,561.9546460634191,273.78903013825294,621,52795.508,7.1467633,1637.915,0.49695665,60422.645,8.148013,0,,,,,561.9546460634191,0.00015889699,273.78903013825294,0.00018831273,0.0007252746,0.0014893971,11673802
60425.664,8.163454,0,0.0003179446,561.9539915287221,273.78871694528715,622,52798.336,7.1468854,1637.6268,0.49687916,60425.664,8.163454,0,,,,,561.9539915287221,0.00015892136,273.78871694528715,0.0001883169,0.00035893073,0.0012991182,11673802
60417.85,8.155087,0,0.00031866177,561.9547727176978,273.7890249476442,623,52791.805,7.1465373,1636.7106,0.49744493,60417.85,8.155087,0,,,,,561.9547727176978,0.0001588888,273.7890249476442,0.00018832136,0.00058639795,0.0016362218,11673802
60399.605,8.1558895,0,0.000319379,561.9545791554958,273.78845596548314,624,52775.074,7.1459413,1637.4602,0.49752402,60399.605,8.1558895,0,,,,,561.9545791554958,0.00015895444,273.78845596548314,0.00018838937,0.0005511978,0.0013177029,11673802
60395.76,8.150256,0,0.00032009627,561.9541876913385,273.78923387881815,625,52772.992,7.145803,1635.86,0.49809325,60395.76,8.150256,0,,,,,561.9541876913385,0.00015895747,273.78923387881815,0.0001883739,0.00035695423,0.0016708829,11673802
60387.875,8.148285,0,0.00032081362,561.9543782035369,273.7892894043252,626,52767.91,7.145499,1635.1049,0.49823502,60387.875,8.148285,0,,,,,561.9543782035369,0.00015897503,273.7892894043252,0.00018839083,0.0003579287,0.0015669916,11673802
60403.53,8.154922,8192,0.00032153097,561.9540577070978,273.7887897016206,627,52780.44,7.1460614,1636.2677,0.4976621,60403.53,8.154922,8192,,,,,561.9540577070978,0.00015892438,273.7887897016206,0.00018837012,0.00061482884,0.0011165427,11673802
60415.36,8.133144,0,0.0003222484,561.9541566492118,273.7894272241912,628,52792.996,7.1466613,1636.8069,0.49662474,60415.36,8.133144,0,,,,,561.9541566492118,0.00015892427,273.7894272241912,0.0001883318,0.00039439872,0.0018207729,11673802
60443.816,8.144154,128,0.00032296588,561.9551271835995,273.7886481423818,629,52815.812,7.1484094,1636.2286,0.49677765,60443.816,8.144154,128,,,,,561.9551271835995,0.0001588569,273.7886481423818,0.00018825296,0.000773981,0.0012079335,11673802
60428.83,8.142407,128,0.00032368337,561.9545086838707,273.7883978249139,630,52803.984,7.147457,1636.0824,0.49733377,60428.83,8.142407,128,,,,,561.9545086838707,0.00015886902,273.7883978249139,0.00018829867,0.00068912155,0.0012785747,11673802
60430.246,8.138695,0,0.00032440096,561.9546311832557,273.78920217997177,631,52806.79,7.147235,1635.8392,0.4970224,60430.246,8.138695,0,,,,,561.9546311832557,0.00015886559,273.78920217997177,0.00018829067,0.00057706714,0.0014958709,11673802
60401.176,8.119955,0,0.00032511854,561.9545539427825,273.7887748500085,632,52781.875,7.1461606,1636.3899,0.49794593,60401.176,8.119955,0,,,,,561.9545539427825,0.0001589456,273.7887748500085,0.00018836117,0.00060126133,0.0016479072,11673802
60414.31,8.145975,0,0.00032583618,561.955087253914,273.7893909362016,633,52794.945,7.1465616,1634.3274,0.4969359,60414.31,8.145975,0,,,,,561.955087253914,0.00015888178,273.7893909362016,0.00018828627,0.0010020589,0.0016159775,11673802
60400.746,8.1276655,0,0.00032655388,561.954652635024,273.7889920824014,634,52785.84,7.1461554,1634.7593,0.49703765,60400.746,8.1276655,0,,,,,561.954652635024,0.00015890737,273.7889920824014,0.00018835832,0.0006122464,0.0020092824,11673802
60407.31,8.137825,0,0.00032727164,561.9544798443354,273.78864989139834,635,52789.055,7.146357,1633.4781,0.49706417,60407.31,8.137825,0,,,,,561.9544798443354,0.00015890063,273.78864989139834,0.00018833399,0.0005764617,0.0012022547,11673802
60414.227,8.119363,0,0.00032798946,561.9546792529575,273.789728780189,636,52797.273,7.146766,1634.3204,0.49732518,60414.227,8.119363,0,,,,,561.9546792529575,0.00015889123,273.789728780189,0.00018830065,0.00075444725,0.0018260158,11673802
60407.41,8.139025,0,0.00032870728,561.9547538487031,273.7886728006153,637,52788.37,7.146225,1633.3846,0.49692965,60407.41,8.139025,0,,,,,561.9547538487031,0.00015890262,273.7886728006153,0.00018832686,0.00066703354,0.0015327323,11673802
60421.746,8.132849,0,0.00032942515,561.9540259931173,273.78954186853383,638,52799.82,7.1468434,1634.1176,0.49760178,60421.746,8.132849,0,,,,,561.9540259931173,0.00015890285,273.78954186853383,0.00018831145,0.00037092797,0.0018570977,11673802
60416.473,8.1401825,0,0.00033014308,561.9542555727754,273.78932703766344,639,52793.957,7.146673,1633.4783,0.49753034,60416.473,8.1401825,0,,,,,561.9542555727754,0.0001589198,273.78932703766344,0.0001883313,0.00036229848,0.001922297,11673802
60423.94,8.1380205,0,0.00033086108,561.9541890072793,273.78931030152677,640,52797.52,7.146697,1631.8326,0.49791452,60423.94,8.1380205,0,,,,,561.9541890072793,0.0001588835,273.78931030152677,0.00018830146,0.0005467023,0.0015823229,11673802
60407.25,8.143026,0,0.0003315791,561.9539303593998,273.78919822933864,641,52784.55,7.146128,1633.2511,0.49702948,60407.25,8.143026,0,,,,,561.9539303593998,0.00015891022,273.78919822933864,0.00018833014,-5.5611436e-05,0.0015813124,11673802
60418.723,8.137223,0,0.00033229718,561.9539662515224,273.78936346083907,642,52794.84,7.1465616,1634.537,0.49708083,60418.723,8.137223,0,,,,,561.9539662515224,0.0001588765,273.78936346083907,0.00018830094,0.00016154224,0.0017554801,11673802
60412.9,8.14136,0,0.00033301528,561.9541588548844,273.7888111140599,643,52789.277,7.146386,1633.203,0.49778566,60412.9,8.14136,0,,,,,561.9541588548844,0.00015892721,273.7888111140599,0.0001883496,0.00018986616,0.0013141597,11673802
60389.5,8.115289,0,0.00033373345,561.954200495463,273.7894552566857,644,52771.895,7.1456337,1632.8185,0.49773452,60389.5,8.115289,0,,,,,561.954200495463,0.0001589485,273.7894552566857,0.00018837512,0.00012679279,0.001828387,11673802
60419.684,8.141453,0,0.00033445164,561.9536502873719,273.7888532807588,645,52796.27,7.146493,1634.0736,0.49658632,60419.684,8.141453,0,,,,,561.9536502873719,0.00015887243,273.7888532807588,0.00018829145,4.254218e-05,0.0015602887,11673802
60424.18,8.141888,0,0.0003351699,561.9541188693456,273.78941655653995,646,52800.324,7.1468053,1634.1122,0.4976129,60424.18,8.141888,0,,,,,561.9541188693456,0.00015886367,273.78941655653995,0.00018827622,0.00023882382,0.0019650855,11673802
60405.848,8.140717,0,0.0003358882,561.9540340259678,273.78936847610254,647,52786.477,7.1462684,1638.1658,0.49688366,60405.848,8.140717,0,,,,,561.9540340259678,0.00015891387,273.78936847610254,0.00018833975,0.00031085906,0.0020754875,11673802
60423.04,8.146977,0,0.00033660655,561.9541306030982,273.7890756620922,648,52801.75,7.1471314,1637.0657,0.4976188,60423.04,8.146977,0,,,,,561.9541306030982,0.00015888095,273.7890756620922,0.00018831027,-2.8467583e-05,0.0018405686,11673802
60395.758,8.141305,0,0.00033732495,561.9541020929668,273.78975178846474,649,52776.805,7.145759,1634.5138,0.4966423,60395.758,8.141305,0,,,,,561.9541020929668,0.00015895654,273.78975178846474,0.00018838844,-7.748026e-05,0.002116475,11673802
60407.145,8.140758,0,0.00033804338,561.9538473587739,273.7897238082904,650,52787.812,7.146207,1633.0126,0.49670625,60407.145,8.140758,0,,,,,561.9538473587739,0.00015891921,273.7897238082904,0.00018834256,9.901567e-05,0.002270336,11673802
60396.07,8.150074,0,0.00033876186,561.9539423607182,273.7892053047968,651,52776.035,7.145768,1633.0804,0.49725413,60396.07,8.150074,0,,,,,561.9539423607182,0.00015894414,273.7892053047968,0.00018835026,5.465272e-05,0.001962593,11673802
60402.934,8.152077,0,0.00033948038,561.954414320418,273.78937509872367,652,52784.117,7.1459746,1632.8844,0.49663976,60402.934,8.152077,0,,,,,561.954414320418,0.00015891425,273.78937509872367,0.00018833784,0.00013159911,0.0021807307,11673802
60417.25,8.13959,0,0.00034019895,561.9539622929256,273.78915408217904,653,52796.906,7.146523,1632.4861,0.49699304,60417.25,8.13959,0,,,,,561.9539622929256,0.00015886831,273.78915408217904,0.00018829446,0.00019511579,0.0016846507,11673802
60420.047,8.146226,0,0.00034091756,561.9537674099881,273.7890908072507,654,52796.9,7.14658,1631.9573,0.49708194,60420.047,8.146226,0,,,,,561.9537674099881,0.00015889779,273.7890908072507,0.0001883223,0.00015447302,0.0016702586,11673802
60430.637,8.135205,0,0.00034163625,561.9538870711833,273.7895365755395,655,52808.49,7.14711,1631.3267,0.49721348,60430.637,8.135205,0,,,,,561.9538870711833,0.00015885456,273.7895365755395,0.00018825439,-8.815016e-06,0.0020575896,11673802
60434.695,8.149846,0,0.00034235494,561.9542517624103,273.7884654673701,656,52809.363,7.1472535,1631.9528,0.49686325,60434.695,8.149846,0,,,,,561.9542517624103,0.00015884978,273.7884654673701,0.0001882732,-6.524388e-05,0.001437004,11673802
60417.574,8.14361,0,0.00034307368,561.9542651964964,273.7892952469878,657,52795.863,7.146468,1631.9426,0.496572,60417.574,8.14361,0,,,,,561.9542651964964,0.00015886562,273.7892952469878,0.00018828748,0.0001710125,0.0017759374,11673802
60412.65,8.145873,0,0.0003437925,561.9538031346923,273.78921927808886,658,52790.043,7.1462936,1632.6587,0.49730945,60412.65,8.145873,0,,,,,561.9538031346923,0.00015889367,273.78921927808886,0.00018832006,-0.00025932514,0.0017166035,11673802
60409.953,8.120808,0,0.00034451133,561.9533073198428,273.7891797309125,659,52788.348,7.146102,1631.0004,0.49764058,60409.953,8.120808,0,,,,,561.9533073198428,0.0001588912,273.7891797309125,0.00018834206,-0.0003613183,0.00159244,11673802
60411.434,8.147199,0,0.00034523022,561.9537039033711,273.78897144238084,660,52790.008,7.1464105,1633.817,0.49725825,60411.434,8.147199,0,,,,,561.9537039033711,0.00015891314,273.78897144238084,0.00018833952,-0.0001403325,0.0014632809,11673802
60376.477,8.120425,0,0.00034594914,561.9534482859299,273.78901811682766,661,52758.91,7.144926,1630.308,0.49737182,60376.477,8.120425,0,,,,,561.9534482859299,0.00015897477,273.78901811682766,0.00018841575,-0.0003467015,0.0017756742,11673802
60396.31,8.144412,0,0.00034666812,561.9537577352678,273.7892038302468,662,52775.32,7.1456385,1631.0519,0.4973366,60396.31,8.144412,0,,,,,561.9537577352678,0.00015893843,273.7892038302468,0.00018835848,-0.00033530753,0.001651381,11673802
60411.7,8.134658,0,0.00034738713,561.9537088160216,273.78949607975835,663,52789.098,7.1462927,1630.3173,0.4971509,60411.7,8.134658,0,,,,,561.9537088160216,0.00015891356,273.78949607975835,0.00018833375,-0.0001945012,0.0019174024,11673802
60406.18,8.116021,0,0.0003481062,561.9536010122698,273.7892366641553,664,52781.293,7.145853,1631.4346,0.49671015,60406.18,8.116021,0,,,,,561.9536010122698,0.00015891419,273.7892366641553,0.00018833438,-0.00033607954,0.0017953459,11673802
60399.242,8.13216,0,0.0003488253,561.9537506905809,273.78964428239146,665,52777.223,7.1457005,1630.5057,0.49765563,60399.242,8.13216,0,,,,,561.9537506905809,0.00015892537,273.78964428239146,0.00018833959,-0.00016146686,0.0020599752,11673802
60385.734,8.140253,0,0.00034954445,561.9535991749194,273.7894132708697,666,52765.23,7.145227,1630.009,0.49753693,60385.734,8.140253,0,,,,,561.9535991749194,0.00015894302,273.7894132708697,0.00018837838,-7.446414e-05,0.0017976834,11673802
60411.336,8.152428,0,0.00035026364,561.9538169894917,273.7890139452505,667,52786.285,7.146292,1630.2352,0.49744672,60411.336,8.152428,0,,,,,561.9538169894917,0.00015892688,273.7890139452505,0.00018835664,-0.00022424012,0.001719949,11673802
60388.812,8.135392,0,0.00035098288,561.9538656709859,273.7894300887269,668,52769.082,7.145287,1629.0302,0.497406,60388.812,8.135392,0,,,,,561.9538656709859,0.0001589645,273.7894300887269,0.0001884085,-0.00033960995,0.002077928,11673802
60423.97,8.155795,0,0.00035170215,561.9539483400234,273.78928794125056,669,52798.383,7.1465855,1631.0222,0.49732888,60423.97,8.155795,0,,,,,561.9539483400234,0.0001588769,273.78928794125056,0.00018830501,-0.00023864015,0.0018253332,11673802
60433.703,8.133962,0,0.00035242148,561.9536406964049,273.7895548993488,670,52804.17,7.1467013,1627.4949,0.4970817,60433.703,8.133962,0,,,,,561.9536406964049,0.00015884165,273.7895548993488,0.00018826008,-0.00037353014,0.002091985,11673802
60396.426,8.116843,8192,0.00035314084,561.9530087841165,273.78951567213556,671,52774.37,7.145477,1629.573,0.49714985,60396.426,8.116843,8192,,,,,561.9530087841165,0.000158926,273.78951567213556,0.00018835245,-0.0008937817,0.0024983224,11673802
60421.38,8.138395,0,0.00035386026,561.9527867936441,273.7899586773424,672,52794.598,7.1463547,1629.1399,0.49726874,60421.38,8.138395,0,,,,,561.9527867936441,0.00015887881,273.7899586773424,0.00018828404,-0.0010982893,0.0024936981,11673802
60420.35,8.099625,0,0.0003545797,561.9526520697657,273.79027988395734,673,52794.992,7.1464286,1629.0106,0.49714506,60420.35,8.099625,0,,,,,561.9526520697657,0.00015889943,273.79027988395734,0.0001883083,-0.0014179653,0.002783939,11673802
60405.973,8.1039715,0,0.0003552992,561.9524192121012,273.79037870343103,674,52781.44,7.1457076,1627.8485,0.49746877,60405.973,8.1039715,0,,,,,561.9524192121012,0.00015889051,273.79037870343103,0.00018830581,-0.0016666618,0.0028355261,11673802
60404.895,8.101268,0,0.00035601878,561.9527298469967,273.79010088534756,675,52778.33,7.14553,1629.0455,0.4970316,60404.895,8.101268,0,,,,,561.9527298469967,0.00015892719,273.79010088534756,0.00018836348,-0.0012895453,0.002522229,11673802
60419.47,8.120752,0,0.00035673834,561.9527482660221,273.7906743922023,676,52795.812,7.14625,1628.6927,0.49725187,60419.47,8.120752,0,,,,,561.9527482660221,0.00015887419,273.7906743922023,0.00018829385,-0.0014624335,0.0033474467,11673802
60409.902,8.128827,0,0.00035745796,561.9524742670774,273.7898705026334,677,52784.36,7.145867,1628.6049,0.49723452,60409.902,8.128827,0,,,,,561.9524742670774,0.00015891678,273.7898705026334,0.00018835063,-0.00140063,0.0025230919,11673802
60418.758,8.147425,0,0.00035817764,561.9526782463208,273.789966574985,678,52791.863,7.146185,1629.2019,0.49690732,60418.758,8.147425,0,,,,,561.9526782463208,0.00015887838,273.789966574985,0.00018829452,-0.0010686229,0.002800961,11673802
60420.066,8.116776,0,0.00035889738,561.9526726413196,273.78950664665126,679,52793.574,7.146228,1629.1732,0.49688205,60420.066,8.116776,0,,,,,561.9526726413196,0.00015885907,273.78950664665126,0.00018826999,-0.0011844266,0.0021734606,11673802
60420.22,8.123606,0,0.00035961712,561.9531849453394,273.7896930874407,680,52792.863,7.1462502,1627.5842,0.497183,60420.22,8.123606,0,,,,,561.9531849453394,0.00015888171,273.7896930874407,0.00018830849,-0.0010831646,0.0022283762,11673802
60436.24,8.134228,0,0.0003603369,561.9528836050254,273.78915575256207,681,52809.37,7.14698,1629.5415,0.49729505,60436.24,8.134228,0,,,,,561.9528836050254,0.00015882251,273.78915575256207,0.00018825044,-0.0009716852,0.0025732338,11673802
60420.367,8.130217,8192,0.00036105677,561.9528937134176,273.7897412639936,682,52793.914,7.146177,1626.4985,0.49683717,60420.367,8.130217,8192,,,,,561.9528937134176,0.00015887326,273.7897412639936,0.0001882991,-0.00096148707,0.0021667331,11673802
60414.484,8.126305,0,0.00036177665,561.9530045577018,273.789279151192,683,52788.17,7.146003,1627.1918,0.49651206,60414.484,8.126305,0,,,,,561.9530045577018,0.00015891052,273.789279151192,0.00018831815,-0.0009136716,0.0016596004,11673802
60417.887,8.128528,0,0.0003624966,561.9528409071003,273.78941412618553,684,52791.195,7.1460567,1627.3594,0.49688223,60417.887,8.128528,0,,,,,561.9528409071003,0.00015887534,273.78941412618553,0.0001882887,-0.0009731231,0.0020974842,11673802
60424.547,8.1152115,0,0.00036321656,561.9529170425177,273.7888651370395,685,52796.83,7.1464076,1626.7493,0.4974005,60424.547,8.1152115,0,,,,,561.9529170425177,0.0001588869,273.7888651370395,0.0001883007,-0.0008000551,0.0015506742,11673802
60431.47,8.155023,0,0.00036393656,561.9531369125243,273.78890532522894,686,52802.34,7.1466255,1628.7782,0.49771345,60431.47,8.155023,0,,,,,561.9531369125243,0.0001588475,273.78890532522894,0.00018824206,-0.00050289463,0.0014591971,11673802
60419.957,8.139082,0,0.00036465662,561.9529521550222,273.7888453180373,687,52790.93,7.1460376,1627.4985,0.49674368,60419.957,8.139082,0,,,,,561.9529521550222,0.00015886774,273.7888453180373,0.00018826203,-0.00041692777,0.0014008473,11673802
60412.777,8.1470375,0,0.0003653767,561.9536746970086,273.78845419044814,688,52783.83,7.1457148,1626.4988,0.49676448,60412.777,8.1470375,0,,,,,561.9536746970086,0.00015889022,273.78845419044814,0.00018832265,-0.0003333512,0.0010218649,11673802
60420.848,8.1372595,0,0.00036609685,561.9536405177233,273.78918692746134,689,52792.445,7.146245,1628.6261,0.4977697,60420.848,8.1372595,0,,,,,561.9536405177233,0.00015887644,273.78918692746134,0.00018829136,-0.00028817158,0.0013498744,11673802
60394.387,8.1194935,0,0.00036681705,561.9534422620764,273.7883881027872,690,52766.707,7.145076,1626.784,0.49686518,60394.387,8.1194935,0,,,,,561.9534422620764,0.00015893923,273.7883881027872,0.0001883659,-0.000416228,0.00065083464,11673802
60412.25,8.132836,0,0.00036753726,561.953938403301,273.78880322207345,691,52783.242,7.1458325,1627.499,0.49734196,60412.25,8.132836,0,,,,,561.953938403301,0.00015891642,273.78880322207345,0.00018833322,-0.00020518703,0.0010581786,11673802
60410.527,8.136749,0,0.00036825752,561.953567390913,273.78873949860065,692,52781.062,7.1456423,1626.2625,0.49727064,60410.527,8.136749,0,,,,,561.953567390913,0.00015889462,273.78873949860065,0.00018832255,-0.00026052393,0.0013540635,11673802
60432.227,8.148401,0,0.00036897784,561.9536516115251,273.78892264519476,693,52797.234,7.1463737,1627.9066,0.49731413,60432.227,8.148401,0,,,,,561.9536516115251,0.00015887071,273.78892264519476,0.00018828482,-0.00041544397,0.0012671619,11673802
60416.41,8.151085,8192,0.0003696982,561.9532398801556,273.78853279018216,694,52784.84,7.145749,1626.3706,0.49686915,60416.41,8.151085,8192,,,,,561.9532398801556,0.00015889754,273.78853279018216,0.00018830362,-0.00045193866,0.0012293722,11673802
60401.066,8.145397,0,0.0003704186,561.953643414486,273.7881104243927,695,52772.305,7.145296,1626.9669,0.49725938,60401.066,8.145397,0,,,,,561.953643414486,0.00015891863,273.7881104243927,0.00018835028,-0.0004369538,0.0011028969,11673802
60399.79,8.136651,0,0.000371139,561.9541885839383,273.78856124943945,696,52769.004,7.145157,1627.0918,0.4970393,60399.79,8.136651,0,,,,,561.9541885839383,0.00015900974,273.78856124943945,0.00018842748,-0.00030982564,0.00055934215,11673802
60409.9,8.143815,0,0.0003718595,561.9534821269209,273.7887196442767,697,52781.164,7.145638,1625.6595,0.49714774,60409.9,8.143815,0,,,,,561.9534821269209,0.00015889766,273.7887196442767,0.00018832546,-0.0004706435,0.0010786687,11673802
60412.086,8.166356,0,0.00037258,561.9534797716733,273.78768188808255,698,52778.453,7.1455374,1626.2216,0.49713755,60412.086,8.166356,0,,,,,561.9534797716733,0.00015890307,273.78768188808255,0.00018834276,-0.00055645424,0.0005918589,11673802
60408.746,8.158895,0,0.00037330057,561.9530119831788,273.7880930142305,699,52776.508,7.1453094,1627.8654,0.49718314,60408.746,8.158895,0,,,,,561.9530119831788,0.0001588977,273.7880930142305,0.00018833471,-0.0006466943,0.0009781447,11673802
60618.71,8.199603,2176,0.00037402115,561.9541867626126,273.7809954865311,700,52959.496,7.1851416,1626.8904,0.49705213,60618.71,8.199603,2176,,,,,561.9541867626126,0.00015861202,273.7809954865311,0.00019086657,-0.0006046916,0.0008229394,11673802
60395.184,8.155445,0,0.0003747418,561.9532245981312,273.78798865303537,701,52762.324,7.14475,1625.2562,0.49698022,60395.184,8.155445,0,,,,,561.9532245981312,0.00015894297,273.78798865303537,0.00018838314,-0.00047552906,0.0006395447,11673802
60415.016,8.158946,0,0.00037546246,561.9535239274212,273.7887531742867,702,52782.754,7.1456413,1625.0146,0.49761286,60415.016,8.158946,0,,,,,561.9535239274212,0.00015888996,273.7887531742867,0.0001882945,-0.00039879556,0.0012564793,11673802
60406.37,8.1538725,0,0.00037690398,561.9538100177238,273.78815172130766,704,52772.004,7.145201,1624.4102,0.49697864,60406.37,8.1538725,0,,,,,561.9538100177238,0.00015890745,273.78815172130766,0.0001883349,-0.00018524683,0.0007632352,11673802
60404.625,8.161562,0,0.00037762476,561.9537861398985,273.787966004498,705,52771.19,7.145251,1626.3955,0.49717936,60404.625,8.161562,0,,,,,561.9537861398985,0.00015899906,273.787966004498,0.00018841469,-0.00044067224,0.00097384147,11673802
60399.97,8.165975,0,0.0003783456,561.9536868273656,273.7877018270825,706,52766.043,7.14494,1626.363,0.49663818,60399.97,8.165975,0,,,,,561.9536868273656,0.00015892723,273.7877018270825,0.00018835015,-9.554348e-05,0.0005585014,11673802
60396.25,8.15734,0,0.0003790665,561.9537547220926,273.7880826695331,707,52762.785,7.1447973,1624.8746,0.4969859,60396.25,8.15734,0,,,,,561.9537547220926,0.00015894507,273.7880826695331,0.00018838662,-0.0002635693,0.0007953676,11673802
60416.4,8.157578,0,0.0003797874,561.9535314620736,273.787815311492,708,52778.613,7.145501,1624.5596,0.4974314,60416.4,8.157578,0,,,,,561.9535314620736,0.00015889198,273.787815311492,0.00018831811,-0.00045285453,0.00075915776,11673802
60415.07,8.14387,0,0.00038050837,561.9535693036822,273.78799001377433,709,52775.64,7.1453996,1625.1344,0.49690336,60415.07,8.14387,0,,,,,561.9535693036822,0.0001588975,273.78799001377433,0.00018833582,-0.00034619696,0.00028763618,11673802
60407.46,8.154988,0,0.0003812294,561.9534698731592,273.7880308467767,710,52771.53,7.1452346,1625.0972,0.4968173,60407.46,8.154988,0,,,,,561.9534698731592,0.0001589071,273.7880308467767,0.00018834515,-0.00028455476,0.0007094705,11673802
60421.85,8.156027,0,0.00038195043,561.9538245320532,273.7878746697304,711,52782.28,7.1456194,1625.2335,0.4972447,60421.85,8.156027,0,,,,,561.9538245320532,0.00015890751,273.7878746697304,0.00018833132,-6.735361e-05,0.00043060092,11673802
60442.305,8.148614,0,0.00038267154,561.9538681340773,273.78767615338575,712,52799.867,7.146383,1624.3458,0.4965928,60442.305,8.148614,0,,,,,561.9538681340773,0.00015883711,273.78767615338575,0.00018823963,-9.240921e-05,0.0003253266,11673802
60428.195,8.154922,0,0.00038339265,561.9538037850581,273.7875956407569,713,52788.58,7.1459436,1625.5996,0.49765545,60428.195,8.154922,0,,,,,561.9538037850581,0.000158869,273.7875956407569,0.00018830464,-5.3323256e-05,0.0006881406,11673802
60424.25,8.145088,8192,0.0003841138,561.953935096711,273.7877844908484,714,52780.426,7.145562,1625.7195,0.49681127,60424.25,8.145088,8192,,,,,561.953935096711,0.00015889319,273.7877844908484,0.00018835104,0.00013404185,0.0002423349,11673802
60429.832,8.150729,8192,0.000384835,561.9540298327429,273.78790046894346,715,52788.17,7.145878,1624.574,0.49647853,60429.832,8.150729,8192,,,,,561.9540298327429,0.00015887838,273.78790046894346,0.00018831363,-0.000124536,0.000681935,11673802
60401.9,8.136293,0,0.00038555625,561.9538780613381,273.78752278246793,716,52761.027,7.1445823,1623.7944,0.49678963,60401.9,8.136293,0,,,,,561.9538780613381,0.00015891607,273.78752278246793,0.00018834871,8.835144e-06,0.00046188087,11673802
60432.32,8.1529875,0,0.00038627756,561.9539549964167,273.7879525629634,717,52787.086,7.1457024,1621.9852,0.49706876,60432.32,8.1529875,0,,,,,561.9539549964167,0.00015885408,273.7879525629634,0.00018826184,0.00020761744,0.0005751346,11673802
60415.992,8.145133,0,0.00038699887,561.9541093923589,273.7874152295983,718,52773.99,7.1451697,1623.2715,0.49720338,60415.992,8.145133,0,,,,,561.9541093923589,0.00015888222,273.7874152295983,0.00018832674,0.0003523385,0.00022170121,11673802
60399.92,8.119008,0,0.00038772024,561.9540386295051,273.787452464357,719,52758.254,7.1447434,1624.5685,0.49696666,60399.92,8.119008,0,,,,,561.9540386295051,0.00015896784,273.787452464357,0.00018840807,0.00038070814,0.00014455989,11673802
60414.367,8.159792,0,0.00038844167,561.9542347323116,273.7873100280239,720,52771.09,7.1451316,1622.927,0.49704856,60414.367,8.159792,0,,,,,561.9542347323116,0.00015890888,273.7873100280239,0.00018836024,0.0001380003,0.00017920132,11673802
60422.984,8.129094,0,0.0003891631,561.9540291651695,273.78756590507794,721,52778.98,7.1454573,1621.8959,0.49783388,60422.984,8.129094,0,,,,,561.9540291651695,0.0001588836,273.78756590507794,0.00018830854,-0.000119157645,0.00034342892,11673802
60417.6,8.148096,0,0.00038988458,561.9539880859762,273.78729171339893,722,52771.285,7.145146,1624.6704,0.49696228,60417.6,8.148096,0,,,,,561.9539880859762,0.00015889487,273.78729171339893,0.00018834537,0.00018684995,-1.0451723e-05,11673802
60417.81,8.149779,0,0.00039060612,561.9543108423214,273.7867986976889,723,52774.09,7.145075,1622.646,0.49671334,60417.81,8.149779,0,,,,,561.9543108423214,0.00015886046,273.7867986976889,0.00018828208,0.00016194844,0.0002533832,11673802
60401.223,8.145505,0,0.00039132766,561.9544395610241,273.7872485833434,724,52758.246,7.1445055,1623.3586,0.49622592,60401.223,8.145505,0,,,,,561.9544395610241,0.00015893384,273.7872485833434,0.0001884035,0.000491127,-4.4644836e-05,11673802
60408.543,8.151863,0,0.00039204926,561.9542914266725,273.78720174804107,725,52763.09,7.1447277,1623.1292,0.49711117,60408.543,8.151863,0,,,,,561.9542914266725,0.00015891886,273.78720174804107,0.00018835696,0.00033494274,8.623367e-05,11673802
60413.22,8.1505995,8192,0.00039277092,561.9541974819457,273.7871985662423,726,52769.062,7.1450496,1624.0773,0.497502,60413.22,8.1505995,8192,,,,,561.9541974819457,0.00015890859,273.7871985662423,0.0001883502,4.840501e-05,0.00053096126,11673802
60408.09,8.131835,0,0.00039349258,561.953962573892,273.78664669623396,727,52759.664,7.144538,1623.7083,0.49683917,60408.09,8.131835,0,,,,,561.953962573892,0.0001589289,273.78664669623396,0.00018839077,0.0002760742,-0.0005101628,11673802
60425.6,8.136623,128,0.0003942143,561.954426883614,273.7870294043803,728,52776.656,7.1462874,1622.8545,0.49729344,60425.6,8.136623,128,,,,,561.954426883614,0.00015888411,273.7870294043803,0.0001883609,0.00026864646,5.7654284e-05,11673802
60416.3,8.141795,0,0.00039493607,561.9542644333644,273.7868124259046,729,52767.88,7.144915,1624.1023,0.49720395,60416.3,8.141795,0,,,,,561.9542644333644,0.00015889356,273.7868124259046,0.00018833141,0.000437996,-0.0004435918,11673802
60394.066,8.136324,0,0.00039565787,561.9536795684478,273.78705698306214,730,52746.293,7.1439466,1623.6818,0.49706864,60394.066,8.136324,0,,,,,561.9536795684478,0.00015895469,273.78705698306214,0.00018841738,-1.7587682e-06,-0.00019369417,11673802
60406.125,8.1297455,0,0.0003963797,561.9539263675746,273.78780253320633,731,52758.367,7.14462,1624.5137,0.49707574,60406.125,8.1297455,0,,,,,561.9539263675746,0.00015891418,273.78780253320633,0.00018837696,-0.00014320399,0.00040709262,11673802
60421.613,8.112989,0,0.00039710157,561.9538704289212,273.78741242547113,732,52771.477,7.1451283,1622.843,0.49700737,60421.613,8.112989,0,,,,,561.9538704289212,0.00015888688,273.78741242547113,0.00018834358,-3.0220774e-05,0.00020157959,11673802
60420.105,8.153992,0,0.0003978235,561.9538679781432,273.78744044287413,733,52769.52,7.1449294,1622.0803,0.4976135,60420.105,8.153992,0,,,,,561.9538679781432,0.00015889961,273.78744044287413,0.00018832715,0.00011539627,0.00013544383,11673802
60416.547,8.134433,0,0.00039854544,561.9538846511575,273.7873656849695,734,52767.113,7.14498,1624.126,0.49760252,60416.547,8.134433,0,,,,,561.9538846511575,0.00015893373,273.7873656849695,0.00018835078,-6.4945325e-06,9.036217e-05,11673802
60413.01,8.135314,0,0.00039926742,561.9541402697768,273.7869769822258,735,52761.625,7.1447177,1623.0544,0.49665722,60413.01,8.135314,0,,,,,561.9541402697768,0.00015891835,273.7869769822258,0.00018836516,9.9202116e-05,-0.00016694987,11673802
60398.15,8.121046,0,0.00039998945,561.9538240265463,273.7873677639829,736,52750.152,7.144167,1621.9863,0.49702787,60398.15,8.121046,0,,,,,561.9538240265463,0.00015894425,273.7873677639829,0.00018840357,-2.621446e-05,0.00024271142,11673802
60418.477,8.092792,0,0.00040071152,561.9535667655578,273.78768753878717,737,52767.344,7.144968,1622.6648,0.49719307,60418.477,8.092792,0,,,,,561.9535667655578,0.00015893068,273.78768753878717,0.00018836396,-0.000154429,0.00029448085,11673802
60426.516,8.122393,0,0.00040143362,561.9541563984412,273.7871956664941,738,52773.004,7.145082,1622.5547,0.49678588,60426.516,8.122393,0,,,,,561.9541563984412,0.0001588781,273.7871956664941,0.00018830934,0.00018876778,0.00014389417,11673802
60408.68,8.129577,0,0.00040215577,561.9543535257676,273.78789024170925,739,52759.63,7.144486,1619.2609,0.4972283,60408.68,8.129577,0,,,,,561.9543535257676,0.0001588949,273.78789024170925,0.00018835693,0.00034041662,0.00065566116,11673802
60428.227,8.114262,0,0.00040287795,561.9537233140655,273.7875829822259,740,52772.52,7.144962,1621.5333,0.49748173,60428.227,8.114262,0,,,,,561.9537233140655,0.00015887925,273.7875829822259,0.00018829864,8.5104526e-05,0.00013909851,11673802
60411.65,8.144759,0,0.00040360016,561.953890036245,273.7879204891805,741,52761.363,7.1445847,1620.3679,0.4979203,60411.65,8.144759,0,,,,,561.953890036245,0.00015890993,273.7879204891805,0.00018833506,0.00018809838,0.00058511144,11673802
60419.43,8.142971,0,0.00040432243,561.9541532063931,273.7873929953207,742,52766.746,7.1447744,1620.9636,0.49746838,60419.43,8.142971,0,,,,,561.9541532063931,0.00015891028,273.7873929953207,0.00018832514,0.00027347537,2.3017657e-05,11673802
60408.258,8.145903,0,0.00040504473,561.9539458534208,273.7873752775191,743,52756.46,7.14439,1622.8483,0.49757907,60408.258,8.145903,0,,,,,561.9539458534208,0.00015891582,273.7873752775191,0.00018838198,0.00021998829,0.0002308381,11673802
60404.06,8.151206,0,0.00040576706,561.9538148881398,273.7876899536456,744,52753.836,7.144252,1623.032,0.49774498,60404.06,8.151206,0,,,,,561.9538148881398,0.00015892934,273.7876899536456,0.00018837956,-1.3690859e-05,0.00037575586,11673802
60419.062,8.123757,8192,0.00040648942,561.9539706338809,273.78753877442904,745,52764.87,7.144704,1621.3528,0.49690554,60419.062,8.123757,8192,,,,,561.9539706338809,0.00015891143,273.78753877442904,0.00018834829,-7.259897e-05,0.0003317405,11673802
60409.9,8.137554,0,0.00040721183,561.9545972739705,273.78732885274167,746,52757.2,7.1444635,1622.7267,0.49698612,60409.9,8.137554,0,,,,,561.9545972739705,0.00015892037,273.78732885274167,0.00018833578,0.00025715912,0.00023036558,11673802
60416.617,8.156069,0,0.00040793428,561.9537477306228,273.7877897223044,747,52764.43,7.1446514,1620.5845,0.49752027,60416.617,8.156069,0,,,,,561.9537477306228,0.00015890045,273.7877897223044,0.00018833955,-6.447668e-05,0.00042405774,11673802
60407.44,8.135563,8192,0.00040865675,561.9546105748384,273.7870425460909,748,52755.082,7.1442604,1621.6458,0.49734107,60407.44,8.135563,8192,,,,,561.9546105748384,0.00015891562,273.7870425460909,0.00018836309,0.0005513334,3.4820234e-05,11673802
60422.34,8.137478,0,0.00040937928,561.9543316436685,273.7868992869412,749,52769.535,7.144929,1622.6433,0.49684662,60422.34,8.137478,0,,,,,561.9543316436685,0.00015890785,273.7868992869412,0.00018833313,0.00031470697,7.945472e-06,11673802
60430.21,8.146036,0,0.00041010184,561.9538729341284,273.787366010617,750,52776.13,7.1453004,1620.2988,0.4975361,60430.21,8.146036,0,,,,,561.9538729341284,0.00015887806,273.787366010617,0.0001883135,5.7138244e-05,6.411084e-05,11673802
60406.664,8.152275,0,0.00041082443,561.9539724917889,273.7869942690955,751,52752.637,7.144219,1622.1595,0.49709985,60406.664,8.152275,0,,,,,561.9539724917889,0.00015893095,273.7869942690955,0.00018838083,-5.427486e-05,-9.597669e-05,11673802
60422.188,8.147989,8192,0.00041154705,561.954070940257,273.7875168360907,752,52768.89,7.14507,1621.6978,0.49626398,60422.188,8.147989,8192,,,,,561.954070940257,0.00015895594,273.7875168360907,0.00018837237,-5.3962813e-05,0.00023099397,11673802
60418.895,8.119466,0,0.00041226973,561.9539176268704,273.7874821161977,753,52761.934,7.1446395,1622.5728,0.49690118,60418.895,8.119466,0,,,,,561.9539176268704,0.00015890604,273.7874821161977,0.00018835843,-5.4048367e-05,0.000119449884,11673802
60415.684,8.138984,0,0.00041299243,561.9539450160819,273.78826633780625,754,52760.668,7.144656,1623.3625,0.49683553,60415.684,8.138984,0,,,,,561.9539450160819,0.0001589159,273.78826633780625,0.00018836236,3.7299902e-05,0.00091089186,11673802
60399.62,8.120929,0,0.00041371517,561.9536235638241,273.7883534122687,755,52745.8,7.1439633,1621.9862,0.4968929,60399.62,8.120929,0,,,,,561.9536235638241,0.00015895999,273.7883534122687,0.00018841668,-0.0003235486,0.000989369,11673802
60409.28,8.14243,0,0.00041443793,561.9533899603351,273.7878193711798,756,52752.39,7.144161,1621.5299,0.49700883,60409.28,8.14243,0,,,,,561.9533899603351,0.0001589372,273.7878193711798,0.00018838437,-0.0006962941,0.0008809055,11673802
60413.18,8.149112,0,0.00041516076,561.9529581839564,273.78876181951915,757,52758.53,7.1444874,1622.5436,0.4969305,60413.18,8.149112,0,,,,,561.9529581839564,0.00015892176,273.78876181951915,0.0001883599,-0.0009503281,0.0015684302,11673802
60398.55,8.141167,0,0.0004158836,561.9527380919503,273.78834211713036,758,52743.773,7.1438894,1623.2988,0.49702486,60398.55,8.141167,0,,,,,561.9527380919503,0.00015896668,273.78834211713036,0.0001884225,-0.0012458,0.0009854698,11673802
60425.332,8.1397505,0,0.0004166065,561.9533954222284,273.78788005747026,759,52767.254,7.1449537,1623.0789,0.4973688,60425.332,8.1397505,0,,,,,561.9533954222284,0.00015887828,273.78788005747026,0.00018832297,-0.0008298947,0.0013144059,11673802
60417.402,8.129321,0,0.00041732943,561.9531798670657,273.78843964899795,760,52760.285,7.144576,1624.518,0.49630222,60417.402,8.129321,0,,,,,561.9531798670657,0.00015891787,273.78843964899795,0.00018838633,-0.0008395787,0.0012173153,11673802
60414.633,8.149053,0,0.00041805237,561.9532395023048,273.78830161184163,761,52757.348,7.1444554,1622.7638,0.49715674,60414.633,8.149053,0,,,,,561.9532395023048,0.0001589258,273.78830161184163,0.00018837673,-0.000785077,0.0010312427,11673802
60428.875,8.111714,0,0.00041877537,561.9533813054281,273.78830944836386,762,52769.637,7.144934,1621.6931,0.49731284,60428.875,8.111714,0,,,,,561.9533813054281,0.00015890104,273.78830944836386,0.00018833965,-0.0006421136,0.0012111047,11673802
60408.81,8.119718,0,0.0004194984,561.9532990934405,273.7882034411243,763,52752.16,7.144154,1622.1099,0.49705648,60408.81,8.119718,0,,,,,561.9532990934405,0.00015894027,273.7882034411243,0.0001883908,-0.0007986976,0.0010141418,11673802
60398.395,8.13135,0,0.00042022148,561.9536228964939,273.7881403563981,764,52742.36,7.1438613,1623.6631,0.49732146,60398.395,8.13135,0,,,,,561.9536228964939,0.00015897799,273.7881403563981,0.00018840743,-0.00062770373,0.0008882824,11673802
60405.246,8.131471,0,0.00042094456,561.9533719184693,273.78790960235705,765,52749.76,7.1440883,1622.5706,0.49763355,60405.246,8.131471,0,,,,,561.9533719184693,0.00015892833,273.78790960235705,0.00018838726,-0.0005759209,0.0008821854,11673802
60416.555,8.129705,0,0.0004216677,561.9534514830079,273.787870987718,766,52758.223,7.1446,1623.2157,0.49775806,60416.555,8.129705,0,,,,,561.9534514830079,0.00015892887,273.787870987718,0.00018838294,-0.0005662796,0.0008132895,11673802
60432.555,8.140811,0,0.00042239088,561.9536331946802,273.7877903509744,767,52772.15,7.1451273,1624.1547,0.49669024,60432.555,8.140811,0,,,,,561.9536331946802,0.00015889568,273.7877903509744,0.00018833404,-0.00024783332,0.000728106,11673802
60403.64,8.128449,0,0.00042311408,561.9541625648989,273.7878102364151,768,52747.676,7.144113,1622.3035,0.4976327,60403.64,8.128449,0,,,,,561.9541625648989,0.00015894644,273.7878102364151,0.00018838867,9.575161e-06,0.00071301626,11673802
60405.914,8.123365,0,0.00042383734,561.9539968775485,273.78744641728963,769,52746.055,7.143979,1620.5071,0.4969444,60405.914,8.123365,0,,,,,561.9539968775485,0.00015896533,273.78744641728963,0.00018841862,0.00024470343,3.6556732e-05,11673802
60395.85,8.152708,0,0.00042456063,561.9542357366439,273.78805099869106,770,52741.887,7.143665,1621.3575,0.49679583,60395.85,8.152708,0,,,,,561.9542357366439,0.00015896854,273.78805099869106,0.00018841829,0.00014465796,0.00076186436,11673802
60386.605,8.131409,0,0.0004252839,561.9541380911786,273.78695485965926,771,52730.0,7.1431108,1619.1597,0.49701387,60386.605,8.131409,0,,,,,561.9541380911786,0.00015896892,273.78695485965926,0.00018844137,0.0002938269,-0.00017609935,11673802
60377.71,8.138373,0,0.0004260073,561.9539391110615,273.78739769055596,772,52723.71,7.1429434,1621.3406,0.49756584,60377.71,8.138373,0,,,,,561.9539391110615,0.00015902269,273.78739769055596,0.00018847502,0.00023956806,0.00038282762,11673802
60386.184,8.138148,0,0.00042673066,561.953904501722,273.7873518293413,773,52730.176,7.143089,1620.7908,0.496943,60386.184,8.138148,0,,,,,561.953904501722,0.00015896511,273.7873518293413,0.00018842696,0.00026796453,0.00034706484,11673802
60390.39,8.11006,0,0.00042745407,561.9540423140675,273.78755556484884,774,52732.25,7.1432323,1620.8518,0.49755457,60390.39,8.11006,0,,,,,561.9540423140675,0.00015897417,273.78755556484884,0.00018843691,0.00019534747,0.00016135907,11673802
60395.96,8.123255,0,0.00042817753,561.9540734448578,273.787717033324,775,52739.83,7.1435084,1621.5463,0.4967415,60395.96,8.123255,0,,,,,561.9540734448578,0.00015895723,273.787717033324,0.00018840164,0.00020829446,0.00051803485,11673802
60403.2,8.142658,0,0.00042890102,561.9539509713412,273.7880067816109,776,52744.82,7.1437874,1620.7821,0.4973011,60403.2,8.142658,0,,,,,561.9539509713412,0.0001589125,273.7880067816109,0.0001884947,1.3036811e-05,0.00014974712,11673802
60384.42,8.148304,0,0.00042962458,561.9542055466526,273.787377851906,777,52729.758,7.1431513,1618.7969,0.4977518,60384.42,8.148304,0,,,,,561.9542055466526,0.00015899338,273.787377851906,0.00018843719,0.00028716342,0.00019540792,11673802
60406.984,8.14306,0,0.00043034813,561.9541308252694,273.78739973627216,778,52749.566,7.144018,1620.2421,0.49709645,60406.984,8.14306,0,,,,,561.9541308252694,0.00015894798,273.78739973627216,0.00018839828,0.00037882026,6.0408503e-05,11673802
60405.53,8.122662,0,0.00043107173,561.9538207118628,273.78740480823967,779,52745.863,7.14366,1616.855,0.49634033,60405.53,8.122662,0,,,,,561.9538207118628,0.00015894271,273.78740480823967,0.00018841421,0.00034066447,4.269134e-05,11673802
60398.34,8.140726,8192,0.00043179534,561.954399773807,273.78719673263913,780,52741.465,7.143562,1618.6422,0.49682918,60398.34,8.140726,8192,,,,,561.954399773807,0.00015895603,273.78719673263913,0.00018841747,0.0004350457,0.00012386887,11673802
60409.81,8.110365,0,0.000432519,561.9540367431788,273.78723868741963,781,52749.824,7.1439915,1618.7738,0.49654385,60409.81,8.110365,0,,,,,561.9540367431788,0.00015893992,273.78723868741963,0.00018838579,-2.1654907e-05,0.00042435946,11673802
60414.336,8.15717,0,0.0004332427,561.9540512938967,273.78694964763866,782,52753.17,7.1441755,1620.3113,0.49665478,60414.336,8.15717,0,,,,,561.9540512938967,0.00015893871,273.78694964763866,0.00018839503,0.00025830825,-0.00019231616,11673802
60422.51,8.130665,0,0.00043396646,561.9541627367736,273.7872870390968,783,52761.457,7.144442,1619.6871,0.4970711,60422.51,8.130665,0,,,,,561.9541627367736,0.00015888343,273.7872870390968,0.00018834886,0.00011096918,0.00020712435,11673802
60409.434,8.152619,0,0.0004346902,561.9541523031658,273.78691409465785,784,52748.926,7.1438823,1618.5083,0.4968689,60409.434,8.152619,0,,,,,561.9541523031658,0.00015892294,273.78691409465785,0.00018838668,0.0002204713,-0.00013558965,11673802
60425.023,8.12816,0,0.00043541403,561.9538572370893,273.7874100224991,785,52762.027,7.1444297,1619.8256,0.4966605,60425.023,8.12816,0,,,,,561.9538572370893,0.00015887906,273.7874100224991,0.00018833145,0.0001288775,0.00022937928,11673802
60431.863,8.115552,0,0.00043613787,561.9543482170434,273.7873341688823,786,52768.67,7.1446614,1617.0087,0.49677667,60431.863,8.115552,0,,,,,561.9543482170434,0.0001588868,273.7873341688823,0.00018832585,0.0003220533,0.00046310108,11673802
60413.594,8.141168,0,0.00043686174,561.953783627194,273.78670196664007,787,52749.453,7.143806,1618.6117,0.49659985,60413.594,8.141168,0,,,,,561.953783627194,0.00015891415,273.78670196664007,0.00018836769,5.8735272e-06,-0.00018545671,11673802
60415.465,8.136157,0,0.00043758564,561.954091886701,273.78727405988025,788,52755.87,7.1441197,1617.8599,0.497345,60415.465,8.136157,0,,,,,561.954091886701,0.00015889903,273.78727405988025,0.00018835108,0.00021805598,0.00030484438,11673802
60437.258,8.135654,0,0.00043830957,561.9538137900639,273.7871981028905,789,52771.03,7.1448298,1617.9948,0.49652168,60437.258,8.135654,0,,,,,561.9538137900639,0.0001588669,273.7871981028905,0.00018832902,7.142671e-05,2.7850115e-06,11673802
,,192,0.00043903355,561.9542153553552,273.7871994742784,790,52758.812,7.145892,1646.8978,0.4968329,,,192,,,,,561.9542153553552,0.00015902142,273.7871994742784,0.00018849055,,,11673802
60409.6,8.130975,0,0.00043975757,561.954516873873,273.78732431389477,791,52749.285,7.1438375,1617.8997,0.49689347,60409.6,8.130975,0,,,,,561.954516873873,0.0001589281,273.78732431389477,0.00018836517,0.00036970992,0.00025130497,11673802
60428.203,8.143231,0,0.00044048158,561.9536639629756,273.78772278964107,792,52761.465,7.1444097,1619.1271,0.49712884,60428.203,8.143231,0,,,,,561.9536639629756,0.00015888964,273.78772278964107,0.0001883377,-2.3906185e-05,9.364694e-06,11673802
60410.473,8.113802,0,0.0004412057,561.9539364975268,273.78735704079884,793,52748.77,7.1439347,1616.8209,0.49669605,60410.473,8.113802,0,,,,,561.9539364975268,0.00015892941,273.78735704079884,0.00018837965,-2.422747e-06,0.00046147747,11673802
60394.793,8.1347685,0,0.0004419298,561.953689351569,273.7871899639782,794,52733.97,7.14318,1616.2161,0.4973333,60394.793,8.1347685,0,,,,,561.953689351569,0.00015897343,273.7871899639782,0.00018842025,-0.00017660698,3.5276487e-05,11673802
60425.707,8.139535,0,0.00044265392,561.9540513049147,273.7872677555148,795,52758.996,7.144298,1617.4493,0.49696186,60425.707,8.139535,0,,,,,561.9540513049147,0.0001589107,273.7872677555148,0.00018834663,0.00019199708,0.00018786958,11673802
60413.668,8.141183,0,0.00044337809,561.9540964229126,273.78752250147323,796,52749.02,7.14387,1619.9049,0.49675262,60413.668,8.141183,0,,,,,561.9540964229126,0.00015891754,273.78752250147323,0.00018838859,6.7008375e-05,0.0004197839,11673802
60407.2,8.137304,0,0.0004441023,561.9542369542063,273.7869878873752,797,52742.605,7.143466,1616.5066,0.4971244,60407.2,8.137304,0,,,,,561.9542369542063,0.00015891864,273.7869878873752,0.0001883877,0.0001671759,-0.00012790102,11673802
60405.15,8.127763,0,0.00044482655,561.954321501609,273.7870252009237,798,52743.652,7.1436434,1615.8662,0.49716416,60405.15,8.127763,0,,,,,561.954321501609,0.00015893877,273.7870252009237,0.00018837329,0.00028853404,0.0002062102,11673802
60417.383,8.129843,0,0.00044555083,561.9537859193272,273.78710905705907,799,52752.664,7.1440425,1615.6821,0.49672675,60417.383,8.129843,0,,,,,561.9537859193272,0.00015891965,273.78710905705907,0.00018838083,-9.881445e-05,2.6397034e-05,11673802
60416.496,8.131338,0,0.0004462751,561.9541726995317,273.78711192355814,800,52751.71,7.143924,1616.5804,0.496902,60416.496,8.131338,0,,,,,561.9541726995317,0.0001588981,273.78711192355814,0.00018838143,8.911359e-06,0.00013014919,11673802
60406.4,8.143931,0,0.00044699947,561.9541402277761,273.78714881398463,801,52743.906,7.143518,1616.7805,0.4971852,60406.4,8.143931,0,,,,,561.9541402277761,0.00015891029,273.78714881398463,0.00018839218,2.026045e-05,6.2300984e-05,11673802
60397.645,8.112693,0,0.00044772384,561.9540235505773,273.78729237303804,802,52733.773,7.1431584,1616.4061,0.49708536,60397.645,8.112693,0,,,,,561.9540235505773,0.00015896928,273.78729237303804,0.0001884226,-0.0001186367,5.1891047e-06,11673802
60399.574,8.110829,0,0.00044844823,561.9535108599051,273.78722034391757,803,52737.855,7.1433096,1617.7039,0.4973865,60399.574,8.110829,0,,,,,561.9535108599051,0.00015896183,273.78722034391757,0.00018842942,-0.0003552378,0.00021891687,11673802
60437.6,8.131894,0,0.0004491727,561.9538759792567,273.787219701968,804,52769.945,7.1447663,1617.6538,0.49724331,60437.6,8.131894,0,,,,,561.9538759792567,0.0001588711,273.787219701968,0.00018831335,-1.4570918e-05,-2.4951536e-05,11673802
60411.008,8.1387205,0,0.00044989714,561.9540597245353,273.7869530841388,805,52744.684,7.143557,1614.8075,0.49711093,60411.008,8.1387205,0,,,,,561.9540597245353,0.00015892398,273.7869530841388,0.00018837818,0.0,0.0,11673802
60419.465,8.133602,0,0.00045062165,561.9536523096965,273.787114995451,806,52754.06,7.143964,1618.5547,0.49676308,60419.465,8.133602,0,,,,,561.9536523096965,0.0001588928,273.787114995451,0.0001883402,2.4733137e-05,7.195602e-05,11673802
60404.375,8.137654,0,0.0004513462,561.95401658236,273.7869645275361,807,52740.547,7.1433597,1614.0062,0.49699223,60404.375,8.137654,0,,,,,561.95401658236,0.00015891572,273.7869645275361,0.00018837223,0.00013117633,-4.126043e-06,11673802
60432.402,8.13775,0,0.00045207076,561.9540193288867,273.7865319711107,808,52763.633,7.1443677,1618.1147,0.49677116,60432.402,8.13775,0,,,,,561.9540193288867,0.00015888276,273.7865319711107,0.00018832063,0.00013441393,-0.00042486918,11673802
60412.914,8.099628,0,0.00045279536,561.9541381902334,273.7869516603324,809,52746.37,7.143605,1614.0502,0.49665216,60412.914,8.099628,0,,,,,561.9541381902334,0.00015891646,273.7869516603324,0.00018835369,9.372088e-05,6.180852e-05,11673802
60429.72,8.147854,0,0.00045351998,561.9537652895676,273.7869761226533,810,52758.582,7.1441793,1615.4456,0.49663952,60429.72,8.147854,0,,,,,561.9537652895676,0.00015888782,273.7869761226533,0.00018833883,-3.4344124e-05,-0.00022679397,11673802
60423.355,8.149267,0,0.00045424473,561.9543360914505,273.78694231049326,811,52755.0,7.1442266,1615.1307,0.49696842,60423.355,8.149267,0,,,,,561.9543360914505,0.00015892512,273.78694231049326,0.00018837072,-9.806536e-05,-3.8229507e-05,11673802
60420.992,8.143161,0,0.0004549694,561.953418615875,273.7871624545048,812,52752.195,7.1439004,1614.0107,0.49744713,60420.992,8.143161,0,,,,,561.953418615875,0.00015889209,273.7871624545048,0.0001883669,-0.00028406,4.737244e-05,11673802
60429.3,8.1293335,0,0.00045569416,561.9539950088653,273.7866199477235,813,52756.676,7.143984,1615.4702,0.49672216,60429.3,8.1293335,0,,,,,561.9539950088653,0.00015889543,273.7866199477235,0.00018833978,0.00018275864,-0.0004839948,11673802
60410.08,8.116444,8192,0.0004564189,561.954042346025,273.7872929029308,814,52742.336,7.143511,1615.4492,0.49693868,60410.08,8.116444,8192,,,,,561.954042346025,0.00015893241,273.7872929029308,0.00018842913,7.761525e-05,0.00028232054,11673802
60426.793,8.150725,0,0.0004571437,561.9539859311144,273.78665747755645,815,52755.207,7.1439543,1614.4569,0.49697256,60426.793,8.150725,0,,,,,561.9539859311144,0.00015888426,273.78665747755645,0.00018834512,7.243082e-05,-0.00046013974,11673802
60415.34,8.135662,0,0.00045786853,561.954247178738,273.78688653099084,816,52747.81,7.1436186,1614.5004,0.49741173,60415.34,8.135662,0,,,,,561.954247178738,0.00015890416,273.78688653099084,0.00018835714,0.00014012016,-4.6619167e-05,11673802
60411.137,8.137048,0,0.0004585934,561.9538962472848,273.78684766841855,817,52743.035,7.1432905,1613.1672,0.49765882,60411.137,8.137048,0,,,,,561.9538962472848,0.00015890518,273.78684766841855,0.00018835995,6.3416264e-05,-9.0677e-05,11673802
60426.555,8.147202,0,0.00045931828,561.9541309856562,273.7865183316615,818,52753.832,7.1439786,1616.1449,0.4976154,60426.555,8.147202,0,,,,,561.9541309856562,0.00015887662,273.7865183316615,0.00018832012,0.00034320226,-0.00054856355,11673802
60430.883,8.148238,8192,0.0004600432,561.9541907182046,273.78686612954806,819,52760.77,7.144116,1612.4424,0.49664754,60430.883,8.148238,8192,,,,,561.9541907182046,0.00015885568,273.78686612954806,0.00018829505,0.00031108258,-0.00015977178,11673802
60402.125,8.1595125,0,0.00046076815,561.9538612260674,273.78530182898965,820,52731.25,7.1429076,1614.0094,0.49760252,60402.125,8.1595125,0,,,,,561.9538612260674,0.00015893478,273.78530182898965,0.00018841212,0.00033122094,-0.0014124046,11673802
60419.16,8.141783,0,0.00046149312,561.9540087830051,273.78641603331477,821,52748.19,7.143552,1612.5831,0.49739927,60419.16,8.141783,0,,,,,561.9540087830051,0.00015889439,273.78641603331477,0.00018835509,0.00022572576,-0.00071113947,11673802
60394.86,8.14769,0,0.00046221813,561.9545222273268,273.7860125704837,822,52727.535,7.142812,1613.8076,0.4968175,60394.86,8.14769,0,,,,,561.9545222273268,0.00015895827,273.7860125704837,0.0001884327,0.00073935353,-0.0012118163,11673802
60413.95,8.146756,0,0.0004629432,561.9546052224545,273.7856639008117,823,52740.75,7.143273,1613.6115,0.49608552,60413.95,8.146756,0,,,,,561.9546052224545,0.0001589318,273.7856639008117,0.00018838252,0.0006824465,-0.0015153524,11673802
60406.062,8.117505,0,0.00046366826,561.9544504856393,273.78658863124605,824,52736.3,7.1431527,1614.4408,0.4966971,60406.062,8.117505,0,,,,,561.9544504856393,0.00015893686,273.78658863124605,0.0001884034,0.00046507776,-0.00070885604,11673802
60416.945,8.121557,0,0.00046439335,561.9544618647469,273.7855669265899,825,52744.105,7.1434274,1612.6194,0.49652547,60416.945,8.121557,0,,,,,561.9544618647469,0.0001588995,273.7855669265899,0.00018835925,0.00046984403,-0.0013705072,11673802
60395.777,8.133252,0,0.0004651185,561.9544348905481,273.7859398998356,826,52727.97,7.1426272,1612.8242,0.49624386,60395.777,8.133252,0,,,,,561.9544348905481,0.0001589407,273.7859398998356,0.00018841453,0.00040806175,-0.00084774545,11673802
60409.656,8.141783,0,0.00046584368,561.9545673234823,273.78572591888314,827,52738.863,7.1431527,1613.0405,0.49727428,60409.656,8.141783,0,,,,,561.9545673234823,0.00015893312,273.78572591888314,0.00018839748,0.00056482095,-0.0011539452,11673802
60431.59,8.1318,0,0.00046656886,561.9547109103557,273.7854462073085,828,52756.4,7.1438966,1613.5842,0.49670273,60431.59,8.1318,0,,,,,561.9547109103557,0.00015887218,273.7854462073085,0.00018833007,0.0009001632,-0.0015561159,11673802
60413.332,8.129684,0,0.0004672941,561.9544142295744,273.78616296725477,829,52744.844,7.143447,1612.7556,0.4974727,60413.332,8.129684,0,,,,,561.9544142295744,0.00015891141,273.78616296725477,0.0001883663,0.0006259887,-0.00087866123,11673802
60407.61,8.145921,0,0.00046801934,561.954515668979,273.7857644316455,830,52735.19,7.1429825,1613.1761,0.49674705,60407.61,8.145921,0,,,,,561.954515668979,0.0001589342,273.7857644316455,0.00018840242,0.000441192,-0.001392328,11673802
60380.656,8.126587,0,0.00046874466,561.9542843116907,273.78601441344284,831,52714.27,7.1422176,1612.4702,0.49801618,60380.656,8.126587,0,,,,,561.9542843116907,0.00015899658,273.78601441344284,0.00018845996,0.00032187608,-0.0010153329,11673802
60396.164,8.131341,0,0.00046946996,561.954626639112,273.7859482231578,832,52728.043,7.142574,1612.2235,0.49708438,60396.164,8.131341,0,,,,,561.954626639112,0.00015898152,273.7859482231578,0.00018839801,0.0006153243,-0.0013360622,11673802
60419.6,8.118964,0,0.00047019531,561.9540895702764,273.7857367260629,833,52745.742,7.143476,1612.99,0.49739322,60419.6,8.118964,0,,,,,561.9540895702764,0.00015885684,273.7857367260629,0.00018833841,0.000315178,-0.0012216725,11673802
60431.8,8.12833,0,0.0004709207,561.9539270480283,273.7863819194186,834,52756.9,7.14392,1612.433,0.49614015,60431.8,8.12833,0,,,,,561.9539270480283,0.00015889439,273.7863819194186,0.00018835087,0.00013725246,-0.0007075591,11673802
60449.137,8.128142,0,0.0004716461,561.9542257154958,273.7858610651671,835,52770.676,7.1445346,1613.3794,0.4971062,60449.137,8.128142,0,,,,,561.9542257154958,0.00015884239,273.7858610651671,0.00018827624,5.4166605e-05,-0.00093535054,11673802
60422.4,8.132902,0,0.00047237155,561.9543331885806,273.786149096733,836,52746.47,7.143427,1612.0497,0.49701402,60422.4,8.132902,0,,,,,561.9543331885806,0.00015890208,273.786149096733,0.00018834851,0.00019561808,-0.00080321875,11673802
60413.04,8.1058235,0,0.00047309702,561.9536043413179,273.786183357918,837,52738.996,7.143148,1611.4938,0.49714386,60413.04,8.1058235,0,,,,,561.9536043413179,0.00015890272,273.786183357918,0.00018836261,-0.0003842521,-0.00063982414,11673802
60408.234,8.114128,0,0.00047382253,561.9533005272065,273.7863002904,838,52732.902,7.1427593,1613.1948,0.4967369,60408.234,8.114128,0,,,,,561.9533005272065,0.00015892182,273.7863002904,0.00018838672,-0.00073859066,-0.00058997,11673802
60410.117,8.121681,8192,0.00047454805,561.9534112408276,273.7868433889628,839,52735.81,7.1430426,1612.8425,0.49681637,60410.117,8.121681,8192,,,,,561.9534112408276,0.00015891923,273.7868433889628,0.00018839576,-0.00076531677,-0.00038171763,11673802
60415.973,8.153308,0,0.0004752736,561.9528994338796,273.7870953444444,840,52741.105,7.1433406,1611.2251,0.49756566,60415.973,8.153308,0,,,,,561.9528994338796,0.00015891757,273.7870953444444,0.00018838725,-0.0010016764,-8.66749e-05,11673802
60399.44,8.136808,0,0.0004759992,561.953137194927,273.7865439961993,841,52726.63,7.1425285,1611.7754,0.49645606,60399.44,8.136808,0,,,,,561.953137194927,0.00015895533,273.7865439961993,0.00018842192,-0.00063790707,-0.0003958444,11673802
60412.594,8.121621,0,0.00047672482,561.9529966505419,273.7867501227127,842,52737.9,7.1432414,1610.9484,0.4974582,60412.594,8.121621,0,,,,,561.9529966505419,0.00015895108,273.7867501227127,0.00018840864,-0.00086140743,-0.00041061445,11673802
60427.047,8.097353,0,0.0004774505,561.9528615159909,273.7867016562738,843,52750.562,7.1436124,1612.542,0.4965136,60427.047,8.097353,0,,,,,561.9528615159909,0.0001588819,273.7867016562738,0.00018832956,-0.0012067123,-0.0001979578,11673802
60406.32,8.129445,0,0.00047817617,561.9530406486515,273.78651566067236,844,52732.105,7.142694,1611.8881,0.49729794,60406.32,8.129445,0,,,,,561.9530406486515,0.00015891787,273.78651566067236,0.00018838144,-0.0010022172,-0.00010783506,11673802
60408.16,8.119884,0,0.00047890187,561.9531136449735,273.78647535963654,845,52732.54,7.142781,1611.1759,0.4969678,60408.16,8.119884,0,,,,,561.9531136449735,0.0001589177,273.78647535963654,0.00018837431,-0.00088398706,-0.0002580464,11673802
60409.027,8.138524,0,0.0004796276,561.9530606289063,273.78671917747243,846,52732.535,7.142836,1609.9155,0.49737597,60409.027,8.138524,0,,,,,561.9530606289063,0.00015891565,273.78671917747243,0.00018840401,-0.00091841863,-0.00028955357,11673802
60403.375,8.148922,0,0.00048035337,561.9529360561044,273.7866045313316,847,52729.527,7.1426835,1610.8318,0.49681377,60403.375,8.148922,0,,,,,561.9529360561044,0.00015893702,273.7866045313316,0.0001884032,-0.0008247327,-0.00039758466,11673802
60405.92,8.11383,0,0.000481805,561.9533327531891,273.7856347367039,849,52730.547,7.1427436,1610.7222,0.4968794,60405.92,8.11383,0,,,,,561.9533327531891,0.00015891764,273.7856347367039,0.00018838617,-0.00046944738,-0.0011553712,11673802
60389.01,8.111125,0,0.00048253083,561.9537471739366,273.78495712327566,850,52713.727,7.1420584,1611.01,0.49696454,60389.01,8.111125,0,,,,,561.9537471739366,0.00015896073,273.78495712327566,0.00018844553,-0.00044102676,-0.0013478122,11673802
60396.67,8.105852,0,0.0004832567,561.9539787666619,273.78528636489676,851,52720.984,7.1422954,1611.8689,0.49686143,60396.67,8.105852,0,,,,,561.9539787666619,0.00015895623,273.78528636489676,0.00018842911,8.162459e-05,-0.0018040396,11673802
60400.727,8.1387825,0,0.00048398264,561.9544975870381,273.78540644552396,852,52724.85,7.1425033,1608.9208,0.49668294,60400.727,8.1387825,0,,,,,561.9544975870381,0.00015894242,273.78540644552396,0.00018842747,0.0003994131,-0.0017690334,11673802
60400.207,8.125692,0,0.00048470858,561.9541545789052,273.7843809027229,853,52723.117,7.1424103,1613.2167,0.49655867,60400.207,8.125692,0,,,,,561.9541545789052,0.00015895155,273.7843809027229,0.0001884323,-4.043164e-05,-0.0019861218,11673802
60419.87,8.134997,0,0.00048543455,561.9539083740758,273.7843464501779,854,52739.22,7.143108,1612.3792,0.496416,60419.87,8.134997,0,,,,,561.9539083740758,0.00015890239,273.7843464501779,0.00018842022,-4.4110933e-05,-0.0020275677,11673802
60432.332,8.144298,0,0.00048616054,561.9535218204716,273.78493051151884,855,52751.52,7.143704,1613.6953,0.4967435,60432.332,8.144298,0,,,,,561.9535218204716,0.0001588918,273.78493051151884,0.00018834717,-0.00029192708,-0.0018899227,11673802
60408.934,8.131568,0,0.00048688657,561.9541354619091,273.78492429837246,856,52728.375,7.1428676,1611.1417,0.49717942,60408.934,8.131568,0,,,,,561.9541354619091,0.00015894468,273.78492429837246,0.00018841223,0.00011017123,-0.0020846108,11673802
60396.168,8.133324,0,0.00048761262,561.9540139694882,273.7851530416178,857,52718.375,7.1424026,1610.8903,0.49645835,60396.168,8.133324,0,,,,,561.9540139694882,0.00015899815,273.7851530416178,0.00018847447,4.9433875e-05,-0.0018969122,11673802
60416.867,8.109265,0,0.0004883387,561.9538492412819,273.7847011552752,858,52736.41,7.1429625,1609.8896,0.49718794,60416.867,8.109265,0,,,,,561.9538492412819,0.0001589072,273.7847011552752,0.00018837783,-7.060703e-05,-0.0019378593,11673802
60412.434,8.122405,0,0.00048906484,561.95413045041,273.78458996176204,859,52731.727,7.1427298,1612.2443,0.49674493,60412.434,8.122405,0,,,,,561.95413045041,0.0001589092,273.78458996176204,0.00018841044,0.00011229769,-0.0021904372,11673802
60385.36,8.146166,0,0.0004897909,561.9540696584937,273.7846845688224,860,52707.207,7.1419463,1614.9501,0.49707192,60385.36,8.146166,0,,,,,561.9540696584937,0.00015900357,273.7846845688224,0.00018849754,4.8922968e-05,-0.0021177742,11673802
60417.47,8.128486,0,0.0004905171,561.9541872170504,273.7848747564368,861,52733.8,7.1428223,1609.5779,0.49728134,60417.47,8.128486,0,,,,,561.9541872170504,0.00015890856,273.7848747564368,0.0001883775,0.00019116628,-0.0019505754,11673802
60410.703,8.143155,0,0.0004912433,561.9538876743325,273.7848516605494,862,52728.082,7.142762,1610.4438,0.49691188,60410.703,8.143155,0,,,,,561.9538876743325,0.00015893762,273.7848516605494,0.00018840151,0.00011839431,-0.0020249344,11673802
60415.316,8.145649,8320,0.0004919695,561.954003271317,273.78486988234266,863,52729.93,7.142907,1610.7526,0.49679542,60415.316,8.145649,8320,,,,,561.954003271317,0.00015893529,273.78486988234266,0.0001884064,0.00020328638,-0.0022236723,11673802
60423.555,8.127402,0,0.0004926958,561.9540528764633,273.78408971846113,864,52736.242,7.1429563,1611.6019,0.49648812,60423.555,8.127402,0,,,,,561.9540528764633,0.00015891466,273.78408971846113,0.00018838322,0.00015480806,-0.0023801278,11673802
60413.613,8.132313,0,0.00049342203,561.9544930792448,273.78463915780407,865,52725.758,7.142582,1612.1764,0.497287,60413.613,8.132313,0,,,,,561.9544930792448,0.00015893842,273.78463915780407,0.00018840368,0.00033659211,-0.0023855693,11673802
60413.21,8.134506,0,0.00049414835,561.9541101167973,273.78408296919906,866,52723.98,7.1423497,1611.5074,0.49665946,60413.21,8.134506,0,,,,,561.9541101167973,0.00015894094,273.78408296919906,0.00018842955,0.00026582205,-0.0025966875,11673802
60411.117,8.138177,0,0.0004948747,561.9538951435061,273.78458588947336,867,52723.53,7.1424217,1611.2671,0.49687406,60411.117,8.138177,0,,,,,561.9538951435061,0.00015896058,273.78458588947336,0.00018844308,8.1537546e-05,-0.0025480108,11673802
60418.496,8.141537,0,0.00049560104,561.9536790747085,273.7838623643999,868,52729.832,7.1427827,1612.0253,0.49716192,60418.496,8.141537,0,,,,,561.9536790747085,0.00015892743,273.7838623643999,0.00018840948,-0.0001391956,-0.002800133,11673802
60429.61,8.153921,0,0.0004963274,561.9539581391805,273.7837193654868,869,52737.85,7.1430497,1611.3812,0.49707472,60429.61,8.153921,0,,,,,561.9539581391805,0.00015889556,273.7837193654868,0.00018837427,-3.3012897e-05,-0.0030557362,11673802
60434.004,8.157114,0,0.00049705384,561.9541026773701,273.78452644817463,870,52743.832,7.1433916,1611.6049,0.49717015,60434.004,8.157114,0,,,,,561.9541026773701,0.00015889965,273.78452644817463,0.00018835129,0.00021298091,-0.0026020247,11673802
60427.094,8.161761,0,0.0004977803,561.9539981415138,273.78352316099756,871,52736.81,7.1431847,1612.29,0.49711528,60427.094,8.161761,0,,,,,561.9539981415138,0.0001588906,273.78352316099756,0.00018838263,0.0004287713,-0.0031725669,11673802
60432.348,8.143354,0,0.00049850676,561.9539477625368,273.78352207901787,872,52741.293,7.1431723,1613.0146,0.49647418,60432.348,8.143354,0,,,,,561.9539477625368,0.00015889005,273.78352207901787,0.0001887243,0.0003002735,-0.0030302717,11673802
60410.01,8.138525,0,0.00049923325,561.9540070961917,273.7836270715005,873,52723.504,7.142462,1612.3086,0.49691597,60410.01,8.138525,0,,,,,561.9540070961917,0.00015896751,273.7836270715005,0.00018840142,0.00026334933,-0.0030378953,11673802
60421.086,8.131929,0,0.0004999598,561.9541901575121,273.78331844670817,874,52728.98,7.142734,1611.2961,0.49750388,60421.086,8.131929,0,,,,,561.9541901575121,0.00015891895,273.78331844670817,0.00018839758,6.595229e-05,-0.003476731,11673802
60414.242,8.140675,0,0.00050068635,561.9542988623077,273.7840388717998,875,52724.953,7.1426153,1611.8177,0.49733648,60414.242,8.140675,0,,,,,561.9542988623077,0.00015894469,273.7840388717998,0.00018843413,0.00030158448,-0.003188698,11673802
60422.285,8.137712,0,0.0005014129,561.9544565453618,273.78327390911033,876,52730.42,7.142829,1612.4604,0.4973766,60422.285,8.137712,0,,,,,561.9544565453618,0.00015890985,273.78327390911033,0.00018838537,0.00053356844,-0.00346745,11673802
60417.14,8.1432905,128,0.0005021395,561.9543141866371,273.7834878666993,877,52725.97,7.1429534,1612.2986,0.49670556,60417.14,8.1432905,128,,,,,561.9543141866371,0.00015895382,273.7834878666993,0.00018843405,0.00027482075,-0.0033701332,11673802
60401.1,8.147166,8192,0.00050286617,561.9544944908126,273.7836043418212,878,52712.02,7.1419992,1611.9686,0.49693862,60401.1,8.147166,8192,,,,,561.9544944908126,0.00015895766,273.7836043418212,0.00018845742,0.00018016894,-0.003328326,11673802
60408.496,8.13623,0,0.0005035928,561.9535115219861,273.7831727724723,879,52715.93,7.1421194,1612.9474,0.49649274,60408.496,8.13623,0,,,,,561.9535115219861,0.00015897532,273.7831727724723,0.00018845029,0.00018757173,-0.0036711835,11673802
60394.527,8.153936,0,0.0005043195,561.9543516402412,273.7834616015697,880,52705.965,7.1418304,1611.5198,0.4969313,60394.527,8.153936,0,,,,,561.9543516402412,0.00015898647,273.7834616015697,0.00018847716,0.0003705022,-0.0033343246,11673802
60393.66,8.133518,0,0.0005050462,561.95414100752,273.7832350804096,881,52703.8,7.1416755,1612.3281,0.49664682,60393.66,8.133518,0,,,,,561.95414100752,0.00015901505,273.7832350804096,0.00018851744,0.0003053657,-0.0035754908,11673802
60415.98,8.1486225,0,0.00050577294,561.9541451415763,273.7830865525221,882,52722.473,7.1424384,1611.3746,0.4969777,60415.98,8.1486225,0,,,,,561.9541451415763,0.00015892119,273.7830865525221,0.00018841214,0.0003465862,-0.0038875113,11673802
60414.03,8.158374,0,0.00050649967,561.9545477213996,273.7830882203866,883,52722.258,7.142341,1610.3292,0.49672276,60414.03,8.158374,0,,,,,561.9545477213996,0.0001589201,273.7830882203866,0.00018841117,0.00034873185,-0.0034449392,11673802
60411.17,8.142375,0,0.0005072265,561.9541597347044,273.78320858236236,884,52717.426,7.1422415,1612.2556,0.49655727,60411.17,8.142375,0,,,,,561.9541597347044,0.00015894248,273.78320858236236,0.00018843202,0.00020329157,-0.0036047653,11673802
60420.9,8.151815,0,0.0005079533,561.9542718181403,273.78347599745285,885,52729.52,7.142613,1611.7174,0.49702948,60420.9,8.151815,0,,,,,561.9542718181403,0.0001589154,273.78347599745285,0.00018839692,0.0005143948,-0.0033897772,11673802
60392.68,8.147364,0,0.0005086801,561.9539395850023,273.78349021210823,886,52705.016,7.141659,1609.8583,0.49681905,60392.68,8.147364,0,,,,,561.9539395850023,0.00015898005,273.78349021210823,0.00018847817,1.3862898e-06,-0.0031529067,11673802
60409.715,8.134826,0,0.000509407,561.9544813174729,273.7836188644345,887,52719.918,7.142324,1611.628,0.49664435,60409.715,8.134826,0,,,,,561.9544813174729,0.00015894993,273.7836188644345,0.00018844122,0.00051588373,-0.0035243393,11673802
60404.203,8.146414,0,0.0005101339,561.9541417794187,273.7836989637278,888,52717.332,7.142216,1612.0597,0.49702036,60404.203,8.146414,0,,,,,561.9541417794187,0.00015895568,273.7836989637278,0.000188437,0.0002600881,-0.0031910127,11673802
60420.926,8.10834,0,0.0005108608,561.9544367384124,273.78266200860713,889,52730.27,7.142817,1608.9885,0.49791965,60420.926,8.10834,0,,,,,561.9544367384124,0.00015891332,273.78266200860713,0.00018840958,0.0005706816,-0.003995819,11673802
60411.027,8.146166,0,0.0005115878,561.9540797724939,273.7834955578219,890,52721.33,7.1422777,1612.3992,0.49650985,60411.027,8.146166,0,,,,,561.9540797724939,0.00015894133,273.7834955578219,0.00018842111,0.00039243008,-0.003431871,11673802
60405.477,8.161631,0,0.0005123147,561.954746191525,273.78323806267355,891,52713.97,7.142037,1608.7682,0.4975889,60405.477,8.161631,0,,,,,561.954746191525,0.00015894076,273.78323806267355,0.00018841632,0.0006875556,-0.003571042,11673802
60408.3,8.153393,0,0.00051304174,561.9544454008294,273.7829681542558,892,52716.164,7.1421037,1609.6229,0.49726114,60408.3,8.153393,0,,,,,561.9544454008294,0.0001589514,273.7829681542558,0.00018843015,0.0006523996,-0.0039534504,11673802
60411.062,8.165126,0,0.00051376875,561.9544634913289,273.78346659094507,893,52719.754,7.1422825,1610.7087,0.49725997,60411.062,8.165126,0,,,,,561.9544634913289,0.00015895409,273.78346659094507,0.00018843503,0.00062047195,-0.0034810742,11673802
60422.58,8.148963,0,0.00051449577,561.954885479402,273.7829069610914,894,52729.027,7.142625,1610.3438,0.4967848,60422.58,8.148963,0,,,,,561.954885479402,0.00015890646,273.7829069610914,0.00018839966,0.000849088,-0.00423902,11673802
60396.355,8.142445,0,0.00051522284,561.9544752917616,273.7826499914925,895,52708.094,7.141787,1609.9736,0.4971442,60396.355,8.142445,0,,,,,561.9544752917616,0.00015897675,273.7826499914925,0.00018846634,0.0006495551,-0.0041137873,11673802
60408.37,8.1483135,0,0.00051594997,561.9550564403709,273.78262299157825,896,52718.668,7.1421533,1609.7456,0.49671376,60408.37,8.1483135,0,,,,,561.9550564403709,0.00015893749,273.78262299157825,0.00018841219,0.00070815935,-0.0040745973,11673802
60404.01,8.143023,0,0.00051667704,561.954247850172,273.7824133184885,897,52712.484,7.14192,1610.4712,0.49643382,60404.01,8.143023,0,,,,,561.954247850172,0.00015895751,273.7824133184885,0.0001884783,0.0006649718,-0.004389743,11673802
60401.312,8.148967,0,0.00051740423,561.9542434623647,273.78321125770515,898,52711.492,7.1418886,1611.5522,0.4967518,60401.312,8.148967,0,,,,,561.9542434623647,0.00015898171,273.78321125770515,0.0001884728,0.0002611492,-0.0038315407,11673802
60411.324,8.140367,0,0.00051813136,561.9545822450137,273.7830655019575,899,52717.906,7.1422462,1610.7882,0.49707925,60411.324,8.140367,0,,,,,561.9545822450137,0.00015897531,273.7830655019575,0.00018842876,0.00028562342,-0.0038819488,11673802
60406.777,8.150218,8192,0.00051885855,561.9540899098538,273.7835622298865,900,52716.336,7.142068,1609.3503,0.49685398,60406.777,8.150218,8192,,,,,561.9540899098538,0.00015894286,273.7835622298865,0.0001884308,0.00031281234,-0.003616401,11673802
60417.953,8.154349,0,0.0005195858,561.9543890137603,273.78273472670077,901,52725.195,7.14299,1620.9535,0.4968953,60417.953,8.154349,0,,,,,561.9543890137603,0.00015894906,273.78273472670077,0.00018844777,0.0003608707,-0.003731371,11673802
60414.78,8.161531,8192,0.00052031304,561.9545275697369,273.782700568605,902,52719.023,7.1421647,1609.3151,0.496645,60414.78,8.161531,8192,,,,,561.9545275697369,0.00015892716,273.782700568605,0.000188416,0.0005237806,-0.0040835594,11673802
60403.234,8.157091,0,0.0005210403,561.9544843319117,273.7829055270037,903,52711.395,7.1420155,1610.6875,0.49705854,60403.234,8.157091,0,,,,,561.9544843319117,0.00015897767,273.7829055270037,0.00018845925,0.0006136815,-0.0037132055,11673802
60411.594,8.137587,0,0.0005217676,561.9544496676593,273.78294511066065,904,52717.375,7.142258,1611.7202,0.4976107,60411.594,8.137587,0,,,,,561.9544496676593,0.00015895892,273.78294511066065,0.00018845314,0.0006255907,-0.0038720216,11673802
60400.285,8.142322,0,0.0005224949,561.9546386750105,273.78284529514036,905,52708.82,7.1418886,1611.2416,0.4977959,60400.285,8.142322,0,,,,,561.9546386750105,0.00015896997,273.78284529514036,0.0001884475,0.00068775786,-0.0039362474,11673802
60408.824,8.141402,0,0.00052322226,561.9545892308164,273.78299001294454,906,52715.066,7.142193,1612.7122,0.49654886,60408.824,8.141402,0,,,,,561.9545892308164,0.00015894929,273.78299001294454,0.0001884341,0.0006553677,-0.004063347,11673802
60425.496,8.126707,0,0.0005239496,561.9537428494496,273.78273201442744,907,52729.39,7.1428213,1610.8381,0.4974112,60425.496,8.126707,0,,,,,561.9537428494496,0.0001589406,273.78273201442744,0.00018840647,0.00032381978,-0.0041031037,11673802
60424.137,8.154589,0,0.00052467705,561.9542726742725,273.78266481242576,908,52729.375,7.142545,1610.4016,0.49667153,60424.137,8.154589,0,,,,,561.9542726742725,0.00015893673,273.78266481242576,0.00018838924,0.0003822887,-0.00392004,11673802
60430.1,8.143863,0,0.00052540447,561.9546144123607,273.7827385742171,909,52733.582,7.142877,1609.9366,0.4972791,60430.1,8.143863,0,,,,,561.9546144123607,0.00015890115,273.7827385742171,0.00018838675,0.00058236514,-0.004025845,11673802
60429.395,8.133972,0,0.0005261319,561.9545852679483,273.78280285124487,910,52733.125,7.142863,1612.0266,0.49671355,60429.395,8.133972,0,,,,,561.9545852679483,0.00015891159,273.78280285124487,0.0001883934,0.0005785943,-0.004023235,11673802
60440.395,8.149493,0,0.0005268593,561.9546214642072,273.782744466018,911,52743.234,7.1431212,1610.0359,0.49689186,60440.395,8.149493,0,,,,,561.9546214642072,0.00015886904,273.782744466018,0.00018833774,0.0006532602,-0.0038048455,11673802
60413.24,8.136802,0,0.0005275868,561.9543980232004,273.78293293604435,912,52718.15,7.1422024,1611.3129,0.49664736,60413.24,8.136802,0,,,,,561.9543980232004,0.00015892886,273.78293293604435,0.00018842392,0.0006811005,-0.003974809,11673802
60397.008,8.136152,0,0.0005283143,561.9545743643087,273.78295995363106,913,52706.543,7.141645,1610.3434,0.49676242,60397.008,8.136152,0,,,,,561.9545743643087,0.00015898314,273.78295995363106,0.00018846577,0.0005271059,-0.0036865051,11673802
,,64,0.00052904186,561.9546071261004,273.7828563349226,914,52693.703,7.142245,1632.9799,0.4971362,,,64,,,,,561.9546071261004,0.00015907912,273.7828563349226,0.00018860224,,,11673802
,,64,0.0005297694,561.9540372721218,273.7826495972387,915,52695.85,7.1413574,1613.5718,0.49730974,,,64,,,,,561.9540372721218,0.00015901276,273.7826495972387,0.00018851286,,,11673802
60387.527,8.124817,0,0.000530497,561.9547525906686,273.7831892917741,916,52696.52,7.1411533,1608.5009,0.49669245,60387.527,8.124817,0,,,,,561.9547525906686,0.00015898663,273.7831892917741,0.00018851177,0.00082875276,-0.003724435,11673802
60406.91,8.137496,0,0.0005312246,561.9542583516924,273.7832327680177,917,52712.46,7.1418796,1606.7894,0.49762875,60406.91,8.137496,0,,,,,561.9542583516924,0.0001589362,273.7832327680177,0.000188448,0.00078271516,-0.0036989904,11673802
60402.277,8.139926,0,0.00053195225,561.9541842016802,273.7834620733894,918,52709.816,7.141692,1608.0139,0.49718145,60402.277,8.139926,0,,,,,561.9541842016802,0.00015895683,273.7834620733894,0.00018844368,0.0005574881,-0.003478328,11673802
60401.234,8.145208,0,0.0005326799,561.9543201519324,273.783003264649,919,52707.59,7.141687,1608.906,0.49670157,60401.234,8.145208,0,,,,,561.9543201519324,0.00015896939,273.783003264649,0.00018844947,0.0004906569,-0.003669431,11673802
60428.19,8.13778,0,0.00053340755,561.9542748178181,273.7832438908699,920,52731.074,7.142609,1607.6925,0.49725288,60428.19,8.13778,0,,,,,561.9542748178181,0.00015890483,273.7832438908699,0.00018838183,0.00062082545,-0.0035611722,11673802
60447.668,8.147202,0,0.00053413527,561.954122606139,273.78356745337743,921,52747.54,7.143402,1607.5657,0.49685383,60447.668,8.147202,0,,,,,561.954122606139,0.00015886257,273.78356745337743,0.0001883362,0.00015372709,-0.0032582472,11673802
60423.55,8.140852,0,0.000534863,561.9540912269711,273.78369773495956,922,52725.926,7.142447,1606.8048,0.49604505,60423.55,8.140852,0,,,,,561.9540912269711,0.00015893468,273.78369773495956,0.00018840042,5.9474925e-05,-0.0031810633,11673802
60410.63,8.157848,0,0.00053559075,561.9539368406317,273.7840362623339,923,52715.105,7.1419873,1607.0178,0.49754676,60410.63,8.157848,0,,,,,561.9539368406317,0.00015894652,273.7840362623339,0.00018844417,7.6555814e-05,-0.0029948368,11673802
60399.727,8.154028,0,0.00053631846,561.9535743336896,273.78363747052197,924,52704.215,7.141467,1607.2484,0.49689212,60399.727,8.154028,0,,,,,561.9535743336896,0.00015896163,273.78363747052197,0.00018845491,-0.000106394844,-0.0031084227,11673802
60408.086,8.15113,0,0.0005370463,561.9541708992199,273.7841346763188,925,52711.406,7.1415973,1606.3892,0.4967714,60408.086,8.15113,0,,,,,561.9541708992199,0.00015895198,273.7841346763188,0.00018842789,-5.9463262e-05,-0.0029549552,11673802
60388.098,8.1521435,0,0.00053777406,561.9537452808415,273.783886781237,926,52693.332,7.1409206,1606.6837,0.49725884,60388.098,8.1521435,0,,,,,561.9537452808415,0.00015899044,273.783886781237,0.00018849334,-0.00027102584,-0.0029314097,11673802
60404.344,8.1370535,0,0.00053850195,561.9535918833868,273.78374959635016,927,52706.81,7.141532,1606.8949,0.4964709,60404.344,8.1370535,0,,,,,561.9535918833868,0.00015895342,273.78374959635016,0.00018844732,-0.00034615086,-0.0031147385,11673802
60414.652,8.154719,0,0.0005392298,561.9534487926232,273.78401218089624,928,52716.14,7.141934,1605.3701,0.49684757,60414.652,8.154719,0,,,,,561.9534487926232,0.00015893094,273.78401218089624,0.00018843009,-0.0004362142,-0.0025535384,11673802
60421.3,8.142,0,0.00053995766,561.953621128839,273.78390852457466,929,52720.37,7.1420865,1606.3767,0.497043,60421.3,8.142,0,,,,,561.953621128839,0.00015894692,273.78390852457466,0.0001884631,-0.0003699112,-0.002761673,11673802
60400.266,8.145933,0,0.00054068555,561.9538959611667,273.7840068912888,930,52703.027,7.1412106,1604.5978,0.49737564,60400.266,8.145933,0,,,,,561.9538959611667,0.00015895546,273.7840068912888,0.00018844758,-0.00011379176,-0.0029614267,11673802
60415.523,8.14049,0,0.0005414135,561.954015962948,273.7834377510676,931,52718.176,7.141886,1604.0846,0.49690744,60415.523,8.14049,0,,,,,561.954015962948,0.0001589324,273.7834377510676,0.00018840325,2.524027e-06,-0.0032142566,11673802
60390.707,8.140239,0,0.00054214144,561.9537971651558,273.7835383879932,932,52694.867,7.1409173,1604.7904,0.49723744,60390.707,8.140239,0,,,,,561.9537971651558,0.00015901263,273.7835383879932,0.00018850213,-3.9772312e-05,-0.0033813864,11673802
60421.844,8.15201,128,0.0005428694,561.9537458077223,273.78374463685043,933,52721.562,7.14248,1604.3778,0.49688104,60421.844,8.15201,128,,,,,561.9537458077223,0.00015892231,273.78374463685043,0.00018839874,-0.0003110268,-0.0030179406,11673802
60377.58,8.1297455,0,0.0005435974,561.9541092269503,273.7824187192703,934,52681.6,7.1403117,1604.5134,0.4968718,60377.58,8.1297455,0,,,,,561.9541092269503,0.00015898621,273.7824187192703,0.0001885132,4.8706454e-05,-0.003894729,11673802
60407.492,8.144587,0,0.0005443254,561.9540523776184,273.7834086842327,935,52709.992,7.1415873,1603.9865,0.49604976,60407.492,8.144587,0,,,,,561.9540523776184,0.00015896195,273.7834086842327,0.00018843925,4.3854874e-05,-0.0033382128,11673802
60409.254,8.143449,0,0.00054505345,561.9541609587438,273.78319602073725,936,52711.07,7.1416664,1604.7617,0.4968741,60409.254,8.143449,0,,,,,561.9541609587438,0.00015893704,273.78319602073725,0.00018843698,-4.77472e-06,-0.003682595,11673802
60413.664,8.142356,0,0.00054578146,561.9539971453012,273.78285785304143,937,52713.566,7.1415696,1604.5372,0.49631533,60413.664,8.142356,0,,,,,561.9539971453012,0.00015891493,273.78285785304143,0.00018840395,7.34879e-05,-0.0036358887,11673802
60418.195,8.126457,0,0.0005465096,561.9541395991789,273.7835332780604,938,52719.47,7.141913,1604.2063,0.49693087,60418.195,8.126457,0,,,,,561.9541395991789,0.00015891691,273.7835332780604,0.00018840222,0.00015708324,-0.003099313,11673802
60428.11,8.136621,0,0.00054723764,561.9540219644095,273.78314167244764,939,52724.188,7.1421475,1604.6748,0.49648193,60428.11,8.136621,0,,,,,561.9540219644095,0.0001588997,273.78314167244764,0.0001883964,-8.480467e-06,-0.0034828184,11673802
60417.72,8.142512,0,0.00054796576,561.9542802875613,273.78325644889344,940,52716.887,7.1418376,1604.9043,0.49713412,60417.72,8.142512,0,,,,,561.9542802875613,0.0001589161,273.78325644889344,0.00018839548,0.00022171762,-0.0033664906,11673802
60409.746,8.140164,0,0.00054869393,561.9542766003985,273.7834683716609,941,52708.273,7.141335,1602.9076,0.4970585,60409.746,8.140164,0,,,,,561.9542766003985,0.00015891707,273.7834683716609,0.00018841184,0.00021998172,-0.0036121162,11673802
60417.914,8.144971,0,0.0005494221,561.9540765701184,273.78262262927524,942,52713.395,7.1416807,1604.1683,0.49687797,60417.914,8.144971,0,,,,,561.9540765701184,0.00015892427,273.78262262927524,0.00018841651,0.00032758975,-0.0040758005,11673802
60435.87,8.111477,0,0.0005501503,561.9544282318819,273.7831269858836,943,52732.44,7.142424,1602.2645,0.49694902,60435.87,8.111477,0,,,,,561.9544282318819,0.00015884668,273.7831269858836,0.00018832229,0.0004564464,-0.0034266852,11673802
60415.348,8.130651,0,0.00055087847,561.9538989204008,273.78250811959515,944,52710.426,7.1415215,1603.691,0.49586308,60415.348,8.130651,0,,,,,561.9538989204008,0.00015892787,273.78250811959515,0.00018843205,0.00059765676,-0.0041390797,11673802
60414.996,8.136426,0,0.0005516067,561.9546569366803,273.78299249460275,945,52712.195,7.1415925,1603.179,0.49684235,60414.996,8.136426,0,,,,,561.9546569366803,0.00015890907,273.78299249460275,0.00018841002,0.000657804,-0.0039619403,11673802
60411.992,8.146171,0,0.00055233494,561.9541232215355,273.78310352118183,946,52710.64,7.1414266,1600.7073,0.49679583,60411.992,8.146171,0,,,,,561.9541232215355,0.00015893181,273.78310352118183,0.00018840621,0.00020156532,-0.0035005342,11673802
60419.4,8.14067,0,0.00055306323,561.9540125070333,273.78260939332245,947,52713.176,7.141714,1604.1116,0.49681702,60419.4,8.14067,0,,,,,561.9540125070333,0.00015892969,273.78260939332245,0.00018841567,7.709868e-05,-0.0043435735,11673802
60421.594,8.142446,0,0.0005537915,561.9544659859536,273.78274593620995,948,52717.984,7.1418276,1604.9884,0.49660927,60421.594,8.142446,0,,,,,561.9544659859536,0.00015890172,273.78274593620995,0.00018840551,0.00042203354,-0.0039054283,11673802
60425.305,8.141022,0,0.0005545198,561.9539692650842,273.7827259982501,949,52716.863,7.141856,1603.2789,0.49737477,60425.305,8.141022,0,,,,,561.9539692650842,0.0001589073,273.7827259982501,0.00018838406,6.806214e-05,-0.0041795336,11673802
60396.105,8.148347,0,0.0005559765,561.9547753374308,273.7827449973063,951,52694.41,7.140709,1602.2065,0.49717268,60396.105,8.148347,0,,,,,561.9547753374308,0.00015897583,273.7827449973063,0.00018845288,0.00063449435,-0.0038409536,11673802
60395.55,8.154161,0,0.0005567049,561.9547054853615,273.7821089058856,952,52689.76,7.1405296,1601.2886,0.49664706,60395.55,8.154161,0,,,,,561.9547054853615,0.00015898352,273.7821089058856,0.000188489,0.00082168134,-0.004579483,11673802
60401.086,8.151334,0,0.0005574333,561.9542151299103,273.7829902139398,953,52697.86,7.140977,1603.5619,0.49694207,60401.086,8.151334,0,,,,,561.9542151299103,0.0001589657,273.7829902139398,0.00018846717,0.00043688482,-0.0040740683,11673802
60416.05,8.1432705,0,0.0005581617,561.9542852876948,273.78266493844677,954,52710.746,7.141351,1603.0216,0.4966201,60416.05,8.1432705,0,,,,,561.9542852876948,0.00015890981,273.78266493844677,0.00018839334,0.00038484207,-0.004294775,11673802
60418.02,8.138252,0,0.0005588901,561.9546932294564,273.7822603549794,955,52711.734,7.1414814,1602.3372,0.49740764,60418.02,8.138252,0,,,,,561.9546932294564,0.0001589082,273.7822603549794,0.00018840338,0.000835526,-0.0045088115,11673802
60432.242,8.147343,0,0.0005596186,561.9546635561597,273.7826269187618,956,52723.766,7.1419935,1601.6871,0.4962556,60432.242,8.147343,0,,,,,561.9546635561597,0.00015887238,273.7826269187618,0.00018836562,0.0006765282,-0.0040862607,11673802
60417.727,8.1319,0,0.00056034705,561.9546319079137,273.7824026075706,957,52709.668,7.141368,1602.7839,0.49659926,60417.727,8.1319,0,,,,,561.9546319079137,0.00015893341,273.7824026075706,0.0001884093,0.0007220887,-0.004343188,11673802
60418.195,8.149348,0,0.0005610755,561.9542924207087,273.78251240679043,958,52710.332,7.1413727,1602.4508,0.49645808,60418.195,8.149348,0,,,,,561.9542924207087,0.00015891923,273.78251240679043,0.00018840806,0.0002595212,-0.0039617494,11673802
60404.0,8.135835,0,0.00056180404,561.9547187701693,273.78248630392966,959,52696.977,7.140743,1600.4924,0.49632752,60404.0,8.135835,0,,,,,561.9547187701693,0.00015894465,273.78248630392966,0.0001884484,0.00075264444,-0.004105483,11673802
60399.27,8.143138,0,0.0005625326,561.9551076270103,273.7826086382481,960,52693.594,7.1406503,1602.9386,0.49602866,60399.27,8.143138,0,,,,,561.9551076270103,0.00015896329,273.7826086382481,0.00018845686,0.0007179186,-0.0042062397,11673802
60420.555,8.144182,0,0.00056326116,561.9542407904465,273.7824531858414,961,52711.26,7.141433,1600.513,0.49707833,60420.555,8.144182,0,,,,,561.9542407904465,0.00015890256,273.7824531858414,0.00018839454,0.00050459016,-0.004308165,11673802
60419.312,8.147081,0,0.00056398974,561.9545009307552,273.78249761596624,962,52709.652,7.141375,1602.4001,0.49608076,60419.312,8.147081,0,,,,,561.9545009307552,0.0001589291,273.78249761596624,0.00018842374,0.00060069753,-0.0043521174,11673802
60424.637,8.142458,8192,0.0005647183,561.9546438720873,273.7821914017123,963,52714.883,7.1416507,1601.7676,0.49702626,60424.637,8.142458,8192,,,,,561.9546438720873,0.00015888197,273.7821914017123,0.0001883739,0.0004601696,-0.0040467097,11673802
60437.348,8.143711,0,0.0005654469,561.9540539546505,273.78207482820187,964,52723.562,7.141974,1600.9572,0.49644634,60437.348,8.143711,0,,,,,561.9540539546505,0.00015887551,273.78207482820187,0.00018835663,0.00028494754,-0.004452542,11673802
60413.938,8.143103,0,0.00056617556,561.9545051320756,273.782589478431,965,52705.617,7.141238,1602.6277,0.4965571,60413.938,8.143103,0,,,,,561.9545051320756,0.00015894102,273.782589478431,0.00018841708,0.00047748254,-0.004009645,11673802
60394.383,8.138335,0,0.0005669042,561.9545198957373,273.7821207743572,966,52685.543,7.1402874,1600.7953,0.49650225,60394.383,8.138335,0,,,,,561.9545198957373,0.00015896218,273.7821207743572,0.00018847676,0.00077074365,-0.0045995433,11673802
60412.477,8.152642,0,0.00056763284,561.9546210906282,273.7821181537645,967,52699.992,7.1410794,1600.887,0.4973145,60412.477,8.152642,0,,,,,561.9546210906282,0.00015892995,273.7821181537645,0.0001884211,0.0005952953,-0.0045795683,11673802
60406.67,8.141823,0,0.0005683616,561.9549171003582,273.78238120209033,968,52697.89,7.1408315,1602.635,0.4971083,60406.67,8.141823,0,,,,,561.9549171003582,0.00015895405,273.78238120209033,0.00018844326,0.0007009179,-0.003941408,11673802
60404.34,8.145204,0,0.00056909025,561.9546418502554,273.7820282260076,969,52691.53,7.1406775,1599.9238,0.49735716,60404.34,8.145204,0,,,,,561.9546418502554,0.00015895846,273.7820282260076,0.00018845846,0.0007885222,-0.0047514667,11673802
60421.395,8.1454935,0,0.000569819,561.9546673198732,273.78273204277616,970,52709.06,7.141378,1600.4269,0.49687433,60421.395,8.1454935,0,,,,,561.9546673198732,0.00015893568,273.78273204277616,0.0001884059,0.0007275911,-0.0038827264,11673802
60407.45,8.134715,0,0.00057054777,561.9544608810023,273.7827105432423,971,52695.5,7.1406965,1599.6312,0.4971632,60407.45,8.134715,0,,,,,561.9544608810023,0.00015894407,273.7827105432423,0.00018844694,0.00063383527,-0.004083507,11673802
,,12352,0.0005712765,,,972,,,,,,,12352,,,,,,,,,,,11673802
60405.746,8.111879,0,0.0005720053,561.9549356962106,273.7827568510451,973,52694.812,7.140758,1602.4083,0.49686494,60405.746,8.111879,0,,,,,561.9549356962106,0.00015919036,273.7827568510451,0.00018849259,0.0005522784,-0.0039955145,11673802
60394.61,8.135953,0,0.0005727341,561.9549514750855,273.782087553721,974,52682.445,7.140107,1598.4154,0.49768883,60394.61,8.135953,0,,,,,561.9549514750855,0.00015897315,273.782087553721,0.00018849275,0.00091489457,-0.0044982303,11673802
60417.973,8.141155,0,0.0005734629,561.9553552138195,273.7822114747122,975,52704.96,7.141181,1599.1964,0.49703872,60417.973,8.141155,0,,,,,561.9553552138195,0.00015892826,273.7822114747122,0.00018841353,0.0013343003,-0.0045040287,11673802
60421.45,8.133251,0,0.0005741918,561.9551414178705,273.7823148651226,976,52708.367,7.1413445,1601.5974,0.49642253,60421.45,8.133251,0,,,,,561.9551414178705,0.00015892572,273.7823148651226,0.00018841197,0.0011696435,-0.004182934,11673802
60427.734,8.156529,0,0.0005749206,561.9548070025255,273.78184122606234,977,52711.734,7.1413937,1601.6022,0.49686095,60427.734,8.156529,0,,,,,561.9548070025255,0.00015890446,273.78184122606234,0.0001884015,0.0009854841,-0.0049309484,11673802
60414.734,8.138056,0,0.0005756495,561.9546611228886,273.78236201410016,978,52704.527,7.1411157,1600.005,0.49736512,60414.734,8.138056,0,,,,,561.9546611228886,0.00015891597,273.78236201410016,0.00018840705,0.0007002211,-0.0042508026,11673802
60422.63,8.138166,0,0.0005763784,561.9547668889028,273.7821326083588,979,52708.312,7.1413236,1598.6493,0.49746886,60422.63,8.138166,0,,,,,561.9547668889028,0.00015892381,273.7821326083588,0.00018842236,0.0006751188,-0.004408536,11673802
60432.63,8.155492,0,0.0005771073,561.954215671251,273.78245164965057,980,52715.465,7.1415,1600.7522,0.4971249,60432.63,8.155492,0,,,,,561.954215671251,0.00015889366,273.78245164965057,0.00018837857,0.00016837956,-0.004113375,11673802
60413.957,8.150385,0,0.00057783624,561.9540330010537,273.7826664585726,981,52698.45,7.1408386,1598.1289,0.49670458,60413.957,8.150385,0,,,,,561.9540330010537,0.00015894443,273.7826664585726,0.00018844317,0.0004714927,-0.004220546,11673802
60409.848,8.149789,0,0.0005785652,561.9543857442549,273.78229449642004,982,52691.77,7.140678,1599.618,0.49696234,60409.848,8.149789,0,,,,,561.9543857442549,0.00015895776,273.78229449642004,0.00018844787,0.00036411884,-0.004426746,11673802
60417.688,8.147546,0,0.00057929417,561.9544440921215,273.7825244419491,983,52699.18,7.140775,1598.822,0.4966923,60417.688,8.147546,0,,,,,561.9544440921215,0.00015893529,273.7825244419491,0.00018843076,0.00047695407,-0.004286581,11673802
60427.824,8.14932,0,0.00058002316,561.9547867684821,273.781868417274,984,52706.887,7.1411757,1598.4468,0.4970477,60427.824,8.14932,0,,,,,561.9547867684821,0.00015891092,273.781868417274,0.00018840951,0.0004702768,-0.004595413,11673802
60422.715,8.141942,0,0.00058075215,561.9546198029873,273.7824602950026,985,52704.188,7.1409826,1598.2146,0.49668336,60422.715,8.141942,0,,,,,561.9546198029873,0.00015892395,273.7824602950026,0.00018840515,0.0005462785,-0.004333219,11673802
60415.12,8.1461525,0,0.0005814812,561.9540528628887,273.782102930437,986,52694.94,7.1407332,1599.9644,0.4969818,60415.12,8.1461525,0,,,,,561.9540528628887,0.00015895301,273.782102930437,0.00018845306,0.0001732719,-0.0046322276,11673802
60407.5,8.142523,0,0.00058221025,561.954307954854,273.7819323570001,987,52686.617,7.1401954,1599.2374,0.496464,60407.5,8.142523,0,,,,,561.954307954854,0.00015894629,273.7819323570001,0.00018846168,0.00029504165,-0.0046721543,11673802
60394.56,8.137217,0,0.0005829393,561.9546041615164,273.78265308395135,988,52677.55,7.139965,1599.704,0.4970825,60394.56,8.137217,0,,,,,561.9546041615164,0.0001590315,273.78265308395135,0.00018852875,0.00039990537,-0.0042158766,11673802
60413.12,8.144193,0,0.00058366836,561.9544913957789,273.7815796780403,989,52690.133,7.1404214,1600.3236,0.4966627,60413.12,8.144193,0,,,,,561.9544913957789,0.00015894404,273.7815796780403,0.0001884488,0.00066081836,-0.0050389953,11673802
60418.89,8.153916,0,0.00058439746,561.9544433471062,273.78227152747013,990,52700.25,7.1408806,1599.3373,0.49681413,60418.89,8.153916,0,,,,,561.9544433471062,0.0001589258,273.78227152747013,0.00018840724,0.00029279615,-0.004365331,11673802
60418.613,8.145282,0,0.0005851266,561.9540110697304,273.7826148097266,991,52697.848,7.140889,1599.4557,0.49685895,60418.613,8.145282,0,,,,,561.9540110697304,0.00015895288,273.7826148097266,0.00018845344,-4.286301e-05,-0.0040113265,11673802
60413.758,8.15212,0,0.0005858557,561.9542253276361,273.7817534351479,992,52691.445,7.1403522,1599.2021,0.49655953,60413.758,8.15212,0,,,,,561.9542253276361,0.00015892841,273.7817534351479,0.00018845148,0.00016531577,-0.004619999,11673802
60387.527,8.14521,128,0.00058658485,561.9546120731238,273.7825414071798,993,52669.133,7.139835,1597.7775,0.49694282,60387.527,8.14521,128,,,,,561.9546120731238,0.00015899516,273.7825414071798,0.00018851628,0.0003447708,-0.0038526212,11673802
60382.35,8.149165,0,0.000587314,561.9539934543117,273.782045708903,994,52663.88,7.139245,1599.6117,0.4965048,60382.35,8.149165,0,,,,,561.9539934543117,0.00015902262,273.782045708903,0.0001885386,0.00018336329,-0.0045585628,11673802
60414.086,8.152775,0,0.0005880432,561.9544069976939,273.7820432771453,995,52692.207,7.140502,1598.0216,0.4971391,60414.086,8.152775,0,,,,,561.9544069976939,0.00015893726,273.7820432771453,0.00018844247,0.00025296924,-0.0043785395,11673802
60407.344,8.147393,0,0.00058877235,561.9543494611622,273.7825976475998,996,52685.785,7.140273,1599.5599,0.4969313,60407.344,8.147393,0,,,,,561.9543494611622,0.00015896888,273.7825976475998,0.00018847061,0.0004207596,-0.004232298,11673802
60417.926,8.142096,0,0.0005895016,561.954188776324,273.78169059230487,997,52692.37,7.1404595,1596.9526,0.49629375,60417.926,8.142096,0,,,,,561.954188776324,0.00015892969,273.78169059230487,0.00018843873,0.00026426744,-0.0047384007,11673802
60428.05,8.148758,0,0.0005902308,561.9542511448083,273.78225280290593,998,52703.43,7.140976,1599.7625,0.4963766,60428.05,8.148758,0,,,,,561.9542511448083,0.0001589141,273.78225280290593,0.00018841166,0.00021573598,-0.0043144017,11673802
60409.984,8.14511,0,0.0005909601,561.9542488887994,273.7815246368282,999,52685.387,7.1402254,1598.3835,0.49710006,60409.984,8.14511,0,,,,,561.9542488887994,0.00015894674,273.7815246368282,0.00018846392,0.00038353825,-0.004635692,11673802
60420.793,8.146033,0,0.0005916893,561.9538318484205,273.78199981239146,1000,52695.855,7.1405497,1597.0712,0.49669,60420.793,8.146033,0,,,,,561.9538318484205,0.0001589423,273.78199981239146,0.0001884272,0.00011454819,-0.004431693,11673802
60410.547,8.147458,0,0.0005924186,561.9541333204745,273.7826642690038,1001,52686.668,7.1401925,1595.668,0.4964742,60410.547,8.147458,0,,,,,561.9541333204745,0.00015895341,273.7826642690038,0.00018845049,-1.5513746e-05,-0.0040384303,11673802
60415.336,8.144155,0,0.0005931479,561.9539369806783,273.7828473545037,1002,52689.83,7.1404066,1599.2483,0.496611,60415.336,8.144155,0,,,,,561.9539369806783,0.00015895812,273.7828473545037,0.00018847601,-0.00016859808,-0.0037740245,11673802
60411.035,8.139724,0,0.0005938772,561.9532843661087,273.782750313872,1003,52687.184,7.1401405,1597.329,0.49666208,60411.035,8.139724,0,,,,,561.9532843661087,0.00015894866,273.782750313872,0.00018846041,-0.00041531472,-0.004068911,11673802
60407.277,8.135888,0,0.00059460656,561.9528925731938,273.78273308382154,1004,52681.633,7.1399765,1598.067,0.49732852,60407.277,8.135888,0,,,,,561.9528925731938,0.00015896079,273.78273308382154,0.00018847531,-0.0008552802,-0.0037391637,11673802
60405.754,8.122377,0,0.0005953359,561.9530464226378,273.7831897387139,1005,52680.63,7.1398244,1597.6862,0.49644184,60405.754,8.122377,0,,,,,561.9530464226378,0.00015895249,273.7831897387139,0.00018845363,-0.00071933534,-0.0033346156,11673802
60421.016,8.136599,0,0.00059606525,561.9533698385192,273.7827994584223,1006,52692.062,7.1403627,1596.6238,0.4970741,60421.016,8.136599,0,,,,,561.9533698385192,0.00015893624,273.7827994584223,0.00018844237,-0.0008563383,-0.0037237247,11673802
60409.85,8.129243,0,0.00059679465,561.9537747673568,273.78258615604284,1007,52681.64,7.139968,1597.5266,0.49659726,60409.85,8.129243,0,,,,,561.9537747673568,0.00015897863,273.78258615604284,0.00018849477,-0.0004400763,-0.004001192,11673802
60403.16,8.12048,0,0.00059752405,561.9537731833416,273.78283515088344,1008,52678.27,7.139723,1595.538,0.49701375,60403.16,8.12048,0,,,,,561.9537731833416,0.0001589729,273.78283515088344,0.00018849093,-0.00030370787,-0.0037835566,11673802
60397.67,8.124786,8192,0.00059825345,561.9528556813787,273.7824673953195,1009,52670.816,7.139563,1598.0907,0.49674976,60397.67,8.124786,8192,,,,,561.9528556813787,0.00015898996,273.7824673953195,0.00018851284,-0.0006352575,-0.004302792,11673802
60424.875,8.124465,8192,0.00059898285,561.9528057760392,273.7833691116459,1010,52697.465,7.1406364,1596.307,0.4960255,60424.875,8.124465,8192,,,,,561.9528057760392,0.00015894305,273.7833691116459,0.00018843678,-0.00083457073,-0.0037158593,11673802
60408.824,8.124547,0,0.0005997123,561.9531907358137,273.7826706915597,1011,52681.246,7.1399355,1597.661,0.49621925,60408.824,8.124547,0,,,,,561.9531907358137,0.00015896583,273.7826706915597,0.0001884759,-0.0006081295,-0.0040223687,11673802
60428.05,8.11258,0,0.00060044177,561.9533898852276,273.782432641326,1012,52697.723,7.1405535,1594.5874,0.4967129,60428.05,8.11258,0,,,,,561.9533898852276,0.00015893024,273.782432641326,0.00018843828,-0.00050697883,-0.0043006116,11673802
60419.6,8.133163,0,0.0006011712,561.9538624291005,273.78263410478394,1013,52693.637,7.140451,1595.9622,0.49693573,60419.6,8.133163,0,,,,,561.9538624291005,0.00015893587,273.78263410478394,0.00018843419,-0.00026973317,-0.0040815235,11673802
60408.99,8.119963,0,0.00060190074,561.9535081271787,273.781969988581,1014,52679.707,7.139834,1597.1196,0.49650162,60408.99,8.119963,0,,,,,561.9535081271787,0.00015897039,273.781969988581,0.00018849316,-0.0003485119,-0.0045817248,11673802
60439.45,8.121483,128,0.0006026302,561.953286880095,273.7822846882405,1015,52707.727,7.1417856,1596.1598,0.49685502,60439.45,8.121483,128,,,,,561.953286880095,0.00015902362,273.7822846882405,0.00018841552,-6.220312e-05,-0.0046821646,11673802
60396.26,8.119516,0,0.0006033597,561.9539729886797,273.7820289963675,1016,52669.574,7.139513,1594.382,0.49648046,60396.26,8.119516,0,,,,,561.9539729886797,0.0001589984,273.7820289963675,0.00018851936,4.1753887e-05,-0.004677426,11673802
60427.633,8.115013,0,0.0006040893,561.9542614088085,273.78120005425853,1017,52696.18,7.140608,1594.672,0.49669218,60427.633,8.115013,0,,,,,561.9542614088085,0.00015894325,273.78120005425853,0.00018843633,0.00033460432,-0.0051997337,11673802
60424.168,8.12032,0,0.0006048188,561.9546352769327,273.7812130841264,1018,52691.715,7.1404805,1597.5923,0.49662104,60424.168,8.12032,0,,,,,561.9546352769327,0.00015893728,273.7812130841264,0.00018843377,0.0005430119,-0.0054185204,11673802
60419.254,8.110226,8192,0.0006055484,561.954583079437,273.781433967614,1019,52687.1,7.1403027,1596.1136,0.49671224,60419.254,8.110226,8192,,,,,561.954583079437,0.000159027,273.781433967614,0.00018846664,0.0005121545,-0.0052079153,11673802
60412.152,8.120674,0,0.00060627796,561.954201978883,273.781232049725,1020,52681.965,7.1399927,1596.636,0.49658486,60412.152,8.120674,0,,,,,561.954201978883,0.00015897608,273.781232049725,0.00018848144,0.000502713,-0.0052758944,11673802
60430.086,8.11069,0,0.00060700753,561.9539163873599,273.7809724538207,1021,52695.082,7.1404834,1595.2617,0.49652472,60430.086,8.11069,0,,,,,561.9539163873599,0.00015895981,273.7809724538207,0.00018843597,0.00023231232,-0.005502669,11673802
60440.59,8.101023,0,0.00060773717,561.9539541802894,273.7815494938993,1022,52704.207,7.1407876,1595.2416,0.49621195,60440.59,8.101023,0,,,,,561.9539541802894,0.00015890799,273.7815494938993,0.0001884225,0.0001248842,-0.0052798865,11673802
60427.14,8.1039,0,0.0006084668,561.9540858295711,273.78112376057777,1023,52693.17,7.1404586,1597.2971,0.49677837,60427.14,8.1039,0,,,,,561.9540858295711,0.00015893574,273.78112376057777,0.0001884517,0.00018923206,-0.0053969696,11673802
60416.45,8.078833,0,0.00060919643,561.9538721156747,273.7801989655058,1024,52680.277,7.139788,1596.0308,0.4968637,60416.45,8.078833,0,,,,,561.9538721156747,0.0001589311,273.7801989655058,0.00018847083,-0.00013279585,-0.0057359557,11673802
60412.805,8.1067295,0,0.00060992606,561.9544513908752,273.78101966975066,1025,52682.004,7.1399837,1595.7953,0.49673936,60412.805,8.1067295,0,,,,,561.9544513908752,0.00015896549,273.78101966975066,0.0001884483,0.0003642938,-0.0055376696,11673802
60429.9,8.107722,8192,0.00061065576,561.9549492057989,273.78014960192,1026,52693.773,7.140454,1595.865,0.4962738,60429.9,8.107722,8192,,,,,561.9549492057989,0.00015892315,273.78014960192,0.00018844153,0.0008739401,-0.0062466506,11673802
60409.566,8.10038,0,0.00061138545,561.9540105727997,273.7803923960678,1027,52675.926,7.139707,1594.6716,0.4965094,60409.566,8.10038,0,,,,,561.9540105727997,0.00015896618,273.7803923960678,0.0001884803,0.0003228509,-0.005852274,11673802
60408.688,8.085574,0,0.00061211514,561.9544771645452,273.78124242820786,1028,52675.89,7.139774,1593.867,0.4966612,60408.688,8.085574,0,,,,,561.9544771645452,0.00015898574,273.78124242820786,0.00018850407,0.00020388722,-0.0053883544,11673802
60397.69,8.106409,0,0.00061284483,561.9545276651346,273.780296103604,1029,52663.81,7.1390853,1595.0608,0.49646753,60397.69,8.106409,0,,,,,561.9545276651346,0.00015899487,273.780296103604,0.00018852513,0.0005610352,-0.0061572315,11673802
60402.977,8.093049,0,0.0006135745,561.9540435473908,273.78100391556575,1030,52672.48,7.1395493,1595.1335,0.4965977,60402.977,8.093049,0,,,,,561.9540435473908,0.00015898838,273.78100391556575,0.00018851073,0.00020934983,-0.005756653,11673802
60407.344,8.077131,0,0.00061430427,561.9542004586247,273.78067382594156,1031,52672.812,7.1395097,1595.3787,0.49715307,60407.344,8.077131,0,,,,,561.9542004586247,0.00015899638,273.78067382594156,0.00018848968,0.00020039406,-0.0057720044,11673802
60400.707,8.086982,0,0.000615034,561.9544039446565,273.7806857270244,1032,52667.52,7.1392803,1595.5967,0.49642032,60400.707,8.086982,0,,,,,561.9544039446565,0.0001590069,273.7806857270244,0.00018850534,0.00062844605,-0.0060011176,11673802
60401.59,8.089146,0,0.0006157638,561.9546644123351,273.78031494614925,1033,52668.844,7.139192,1594.1572,0.49688342,60401.59,8.089146,0,,,,,561.9546644123351,0.00015897753,273.78031494614925,0.00018848463,0.0005115156,-0.0059936917,11673802
60396.086,8.080114,0,0.0006164936,561.9542358152789,273.7805316965005,1034,52662.277,7.139046,1594.7573,0.49698427,60396.086,8.080114,0,,,,,561.9542358152789,0.00015901668,273.7805316965005,0.00018854912,0.00045227638,-0.0059681605,11673802
60402.348,8.0776615,0,0.0006172234,561.9545316103753,273.780683798916,1035,52668.41,7.1392035,1594.1284,0.49664965,60402.348,8.0776615,0,,,,,561.9545316103753,0.00015899871,273.780683798916,0.0001885043,0.00031722538,-0.0058437763,11673802
60391.87,8.062392,8192,0.0006179532,561.9545138790812,273.77997045607407,1036,52657.41,7.1387715,1595.0413,0.4967006,60391.87,8.062392,8192,,,,,561.9545138790812,0.00015900959,273.77997045607407,0.00018855522,0.0006868186,-0.0067211036,11673802
60405.48,8.065164,0,0.000618683,561.9552080302503,273.78011494131596,1037,52672.74,7.1393995,1594.3007,0.49690023,60405.48,8.065164,0,,,,,561.9552080302503,0.0001589703,273.78011494131596,0.0001884793,0.001173162,-0.006428482,11673802
60408.465,8.066249,0,0.00061941287,561.954787026027,273.7800551691493,1038,52674.75,7.1396084,1594.6337,0.496678,60408.465,8.066249,0,,,,,561.954787026027,0.00015896912,273.7800551691493,0.00018848489,0.0010748354,-0.006626446,11673802
60404.492,8.076771,0,0.0006201427,561.9546953802164,273.7795188563696,1039,52671.766,7.139428,1592.6483,0.49721533,60404.492,8.076771,0,,,,,561.9546953802164,0.00015897202,273.7795188563696,0.00018850523,0.001168315,-0.0069329874,11673802
60379.938,8.099024,0,0.00062087254,561.9545269471087,273.7800152718959,1040,52653.97,7.1386333,1593.7303,0.4968249,60379.938,8.099024,0,,,,,561.9545269471087,0.0001590515,273.7800152718959,0.00018854106,0.0011077548,-0.006570333,11673802
60401.6,8.051962,0,0.0006216024,561.955147673297,273.77955516581727,1041,52667.383,7.139372,1595.696,0.49680734,60401.6,8.051962,0,,,,,561.955147673297,0.00015896981,273.77955516581727,0.0001885344,0.0012251864,-0.006904507,11673802
60414.055,8.080875,0,0.0006223323,561.9550843661199,273.77991702907843,1042,52678.594,7.139644,1593.4377,0.4962845,60414.055,8.080875,0,,,,,561.9550843661199,0.00015896492,273.77991702907843,0.0001884724,0.0009615749,-0.006759625,11673802
60425.65,8.079893,0,0.0006230622,561.9547288122332,273.7799875461988,1043,52686.84,7.1400356,1595.2992,0.49632776,60425.65,8.079893,0,,,,,561.9547288122332,0.00015894393,273.7799875461988,0.00018844762,0.00079290365,-0.006630854,11673802
